0 255 0
255 129 0
129 127 0
127 1 0
1 0 0
0 247 0
247 9 0
9 119 0
119 118 0
118 117 0
117 139 0
139 245 0
245 11 0
11 117 0
117 116 0
116 12 0
12 13 0
13 243 0
243 141 0
141 140 0
140 116 0
116 115 0
115 13 0
13 242 0
242 14 0
14 114 0
114 142 0
142 242 0
242 1 0
1 245 0
245 252 0
252 132 0
132 131 0
131 253 0
253 3 0
3 125 0
125 124 0
124 4 0
4 150 0
150 106 0
106 22 0
22 234 0
234 150 0
150 148 0
148 147 0
147 237 0
237 19 0
19 109 0
109 147 0
147 145 0
145 239 0
239 17 0
17 111 0
111 145 0
145 144 0
144 143 0
143 241 0
241 15 0
15 113 0
113 143 0
143 142 0
142 141 0
141 115 0
115 113 0
113 31 0
31 97 0
97 159 0
159 158 0
158 98 0
98 30 0
30 226 0
226 158 0
158 157 0
157 99 0
99 29 0
29 227 0
227 157 0
157 156 0
156 100 0
100 28 0
28 110 0
110 146 0
146 238 0
238 18 0
18 110 0
110 26 0
26 102 0
102 154 0
154 230 0
230 26 0
26 109 0
109 108 0
108 20 0
20 162 0
162 94 0
94 34 0
34 222 0
222 162 0
162 161 0
161 95 0
95 33 0
33 223 0
223 161 0
161 160 0
160 96 0
96 32 0
0 1 2
32 28 0
28 111 0
111 112 0
112 16 0
16 241 0
241 3 0
3 148 0
148 108 0
108 26 0
26 105 0
105 23 0
23 233 0
233 151 0
151 105 0
105 33 0
33 34 0
34 167 0
167 165 0
165 91 0
91 37 0
37 219 0
219 165 0
165 164 0
164 92 0
92 36 0
36 114 0
114 30 0
30 29 0
29 111 0
111 31 0
31 30 0
30 162 0
162 163 0
163 93 0
93 35 0
35 221 0
221 163 0
163 164 0
164 10 0
10 246 0
246 138 0
138 137 0
137 247 0
247 251 0
251 133 0
133 123 0
123 5 0
5 251 0
251 254 0
254 130 0
130 126 0
126 2 0
2 254 0
254 145 0
145 4 0
4 146 0
146 2 0
2 142 0
142 0 0
0 1 0
1 0 2
1 151 0
151 152 0
152 104 0
104 24 0
24 108 0
108 25 0
25 103 0
103 153 0
153 155 0
155 101 0
101 27 0
27 229 0
229 155 0
155 156 0
156 9 0
9 154 0
154 7 0
7 249 0
249 135 0
135 136 0
136 137 0
137 119 0
119 120 0
120 8 0
8 156 0
156 7 0
7 121 0
121 122 0
122 6 0
6 250 0
250 134 0
134 133 0
133 132 0
132 124 0
124 123 0
123 122 0
122 231 0
231 25 0
25 109 0
109 110 0
110 30 0
30 115 0
115 35 0
35 114 0
114 32 0
32 115 0
115 247 0
247 246 0
246 151 0
151 150 0
150 7 0
7 152 0
152 153 0
153 231 0
231 230 0
230 64 0
64 65 0
65 191 0
191 193 0
193 63 0
63 64 0
64 229 0
229 63 0
63 133 0
133 254 0
254 143 0
143 252 0
252 4 0
4 143 0
143 0 0
0 147 0
147 4 0
4 149 0
149 107 0
107 21 0
21 235 0
235 149 0
149 8 0
8 146 0
146 255 0
255 150 0
150 3 0
3 151 0
151 7 0
7 158 0
158 6 0
6 138 0
138 139 0
139 140 0
140 251 0
251 136 0
136 120 0
120 121 0
121 135 0
135 134 0
134 122 0
122 229 0
229 15 0
15 171 0
171 172 0
172 173 0
173 211 0
211 45 0
45 83 0
83 173 0
173 175 0
175 209 0
209 47 0
47 81 0
81 175 0
175 176 0
176 177 0
177 178 0
178 78 0
78 50 0
50 206 0
206 207 0
207 49 0
49 79 0
79 177 0
177 207 0
207 208 0
208 48 0
48 179 0
179 205 0
205 51 0
51 77 0
77 179 0
179 180 0
180 76 0
76 52 0
52 214 0
214 42 0
42 86 0
86 170 0
170 214 0
214 212 0
212 172 0
172 84 0
84 44 0
44 245 0
245 254 0
254 160 0
160 159 0
159 225 0
225 31 0
31 164 0
164 4 0
4 139 0
139 1 0
1 243 0
243 12 0
12 11 0
11 152 0
152 5 0
5 144 0
144 112 0
112 113 0
113 212 0
212 44 0
44 45 0
45 244 0
244 12 0
12 151 0
151 244 0
244 1 0
1 154 0
154 6 0
6 149 0
149 5 0
5 146 0
146 7 0
7 141 0
141 255 0
255 162 0
162 10 0
10 118 0
118 138 0
138 255 0
255 159 0
159 99 0
99 97 0
97 89 0
89 167 0
167 169 0
169 215 0
215 41 0
41 87 0
87 169 0
169 170 0
170 171 0
171 213 0
213 43 0
43 85 0
85 171 0
171 7 0
7 144 0
144 253 0
253 158 0
158 4 0
4 3 0
3 153 0
153 92 0
92 90 0
90 166 0
166 218 0
218 38 0
38 90 0
90 152 0
152 10 0
10 9 0
9 150 0
150 5 0
5 167 0
167 107 0
107 108 0
108 35 0
35 105 0
105 104 0
104 103 0
103 31 0
31 112 0
112 29 0
29 114 0
114 31 0
0 10 2
10 246 2
31 104 0
104 33 0
33 27 0
27 109 0
109 29 0
29 116 0
116 217 0
217 167 0
167 1 0
1 238 0
238 239 0
239 240 0
240 144 0
144 1 0
1 157 0
157 7 0
7 148 0
148 4 0
4 137 0
137 250 0
250 248 0
248 136 0
136 7 0
7 147 0
147 254 0
254 156 0
156 251 0
251 151 0
151 4 0
4 232 0
232 24 0
24 107 0
107 27 0
27 110 0
110 31 0
31 100 0
100 157 0
157 35 0
35 34 0
34 105 0
105 106 0
106 27 0
27 111 0
111 110 0
110 208 0
208 209 0
209 210 0
210 174 0
174 82 0
82 46 0
46 210 0
210 211 0
211 212 0
212 117 0
117 215 0
215 218 0
218 219 0
219 220 0
220 36 0
36 166 0
166 176 0
176 80 0
80 48 0
48 204 0
204 52 0
52 183 0
183 182 0
182 181 0
181 75 0
75 53 0
53 203 0
203 181 0
181 180 0
180 184 0
184 185 0
185 199 0
199 57 0
57 71 0
71 185 0
185 187 0
187 197 0
197 59 0
59 69 0
69 187 0
187 189 0
189 67 0
67 61 0
61 195 0
195 196 0
196 60 0
60 226 0
226 225 0
225 60 0
60 224 0
224 32 0
32 105 0
105 195 0
195 193 0
193 189 0
189 190 0
190 66 0
66 62 0
62 194 0
194 190 0
190 47 0
47 46 0
46 176 0
176 12 0
12 225 0
225 112 0
112 214 0
214 215 0
215 110 0
110 212 0
212 114 0
114 221 0
221 223 0
223 224 0
224 58 0
58 198 0
198 197 0
197 196 0
196 114 0
114 228 0
228 156 0
156 3 0
3 234 0
234 233 0
233 140 0
140 250 0
250 159 0
159 252 0
252 133 0
133 81 0
81 80 0
80 79 0
79 72 0
72 56 0
56 220 0
220 221 0
221 99 0
99 154 0
154 5 0
5 137 0
137 93 0
93 95 0
95 150 0
150 88 0
88 40 0
40 178 0
178 179 0
179 189 0
189 43 0
43 188 0
188 68 0
68 60 0
60 222 0
222 57 0
57 219 0
219 116 0
116 27 0
27 98 0
98 155 0
155 32 0
32 162 0
162 2 0
2 237 0
237 236 0
236 20 0
20 21 0
21 156 0
156 4 0
4 136 0
136 68 0
68 70 0
70 186 0
186 198 0
198 199 0
199 200 0
200 56 0
56 53 0
53 216 0
216 40 0
40 245 0
245 246 0
246 10 0
246 10 2
10 5 2
5 251 2
10 11 0
11 231 0
231 232 0
232 7 0
7 138 0
138 83 0
83 87 0
87 88 0
88 146 0
146 3 0
3 168 0
168 88 0
88 28 0
28 109 0
109 232 0
232 116 0
116 213 0
213 204 0
204 203 0
203 202 0
202 54 0
54 74 0
74 182 0
182 202 0
202 201 0
201 55 0
55 73 0
73 183 0
183 201 0
201 200 0
200 111 0
111 35 0
35 246 0
246 253 0
253 160 0
160 250 0
250 138 0
138 71 0
71 72 0
72 234 0
234 235 0
235 236 0
236 113 0
113 35 0
35 165 0
165 29 0
29 115 0
115 27 0
27 113 0
113 30 0
30 169 0
169 42 0
42 181 0
181 250 0
250 153 0
153 7 0
7 6 0
6 145 0
145 7 0
7 8 0
8 139 0
139 254 0
254 214 0
214 118 0
118 217 0
217 39 0
39 89 0
89 144 0
144 80 0
80 131 0
131 130 0
130 125 0
125 126 0
126 54 0
54 216 0
216 202 0
202 104 0
104 34 0
34 158 0
158 167 0
167 4 0
4 5 0
5 148 0
148 10 0
10 244 0
244 245 0
245 0 0
0 159 0
159 4 0
4 142 0
142 77 0
77 76 0
76 74 0
74 241 0
241 240 0
240 16 0
16 17 0
17 60 0
60 130 0
130 81 0
81 82 0
82 83 0
83 132 0
132 90 0
90 147 0
147 6 0
6 151 0
151 141 0
141 4 0
4 129 0
129 128 0
128 0 0
0 158 0
158 251 0
251 5 0
251 5 2
5 2 2
2 254 2
254 11 2
11 245 2
5 3 0
3 12 0
12 0 0
0 2 0
2 153 0
153 248 0
248 8 0
8 137 0
137 7 0
7 140 0
140 81 0
81 246 0
246 86 0
86 84 0
84 243 0
243 79 0
79 141 0
141 254 0
254 2 0
2 145 0
145 0 0
0 151 0
151 5 0
5 140 0
140 237 0
237 238 0
238 143 0
143 7 0
7 139 0
139 94 0
94 27 0
27 89 0
89 88 0
88 141 0
141 75 0
75 24 0
24 92 0
92 93 0
93 29 0
29 110 0
110 209 0
209 205 0
205 204 0
204 114 0
114 205 0
205 178 0
178 168 0
168 45 0
45 177 0
177 41 0
41 180 0
180 12 0
12 214 0
214 110 0
110 211 0
211 115 0
115 224 0
224 119 0
119 29 0
29 113 0
113 229 0
229 228 0
228 28 0
28 161 0
161 170 0
170 4 0
4 134 0
134 66 0
66 231 0
231 134 0
134 69 0
69 238 0
238 147 0
147 83 0
83 240 0
240 1 0
1 142 0
142 7 0
7 53 0
53 50 0
50 244 0
244 87 0
87 130 0
130 251 0
251 154 0
154 4 0
4 138 0
138 1 0
1 164 0
164 254 0
254 155 0
155 6 0
6 244 0
244 78 0
78 20 0
20 71 0
71 70 0
70 58 0
58 57 0
57 17 0
17 18 0
18 240 0
240 143 0
143 77 0
77 135 0
135 65 0
65 232 0
232 226 0
226 218 0
218 120 0
120 215 0
215 54 0
54 217 0
217 113 0
113 32 0
32 183 0
183 203 0
203 117 0
117 198 0
198 62 0
62 121 0
121 31 0
31 115 0
115 106 0
106 34 0
34 103 0
103 101 0
101 100 0
100 29 0
29 108 0
108 27 0
27 168 0
168 206 0
206 178 0
178 221 0
221 4 0
4 135 0
135 69 0
69 42 0
42 160 0
160 32 0
32 173 0
173 216 0
216 0 0
0 228 0
228 227 0
227 226 0
226 3 0
3 144 0
144 4 0
4 121 0
121 0 0
0 165 0
165 254 0
254 149 0
149 159 0
159 208 0
208 1 0
1 148 0
148 144 0
144 238 0
238 119 0
119 210 0
210 110 0
110 203 0
203 179 0
179 38 0
38 37 0
37 118 0
118 27 0
27 25 0
25 107 0
107 80 0
80 90 0
90 102 0
102 30 0
30 99 0
99 144 0
144 0 0
0 172 0
172 176 0
176 235 0
235 71 0
71 132 0
132 86 0
86 243 0
243 242 0
242 148 0
148 2 0
2 149 0
149 23 0
23 169 0
169 40 0
40 159 0
159 101 0
101 29 0
29 89 0
89 212 0
212 241 0
241 1 0
1 155 0
155 247 0
247 248 0
248 155 0
155 35 0
35 24 0
24 162 0
162 43 0
43 44 0
44 161 0
161 254 0
254 158 0
158 209 0
209 115 0
115 228 0
228 189 0
189 202 0
202 252 0
252 247 0
247 188 0
188 157 0
157 250 0
250 59 0
59 50 0
50 85 0
85 238 0
238 71 0
71 139 0
139 90 0
90 149 0
149 1 0
1 146 0
146 9 0
9 204 0
204 195 0
195 43 0
43 0 0
0 156 0
156 152 0
152 251 0
251 180 0
180 170 0
170 221 0
221 120 0
120 36 0
36 163 0
163 29 0
29 95 0
95 56 0
56 183 0
183 35 0
35 110 0
110 221 0
221 214 0
214 113 0
113 226 0
226 212 0
212 169 0
169 52 0
52 51 0
51 80 0
80 209 0
209 120 0
120 219 0
219 113 0
113 213 0
213 186 0
186 249 0
249 115 0
115 119 0
119 203 0
203 76 0
76 136 0
136 8 0
8 138 0
138 3 0
3 142 0
142 6 0
6 5 0
5 138 0
138 80 0
80 244 0
244 243 0
243 81 0
81 132 0
132 79 0
79 242 0
242 82 0
82 66 0
66 201 0
201 41 0
41 70 0
70 139 0
139 152 0
152 1 0
1 147 0
147 3 0
3 143 0
143 2 0
2 144 0
144 19 0
19 174 0
174 18 0
18 36 0
36 245 0
245 255 0
255 200 0
200 117 0
117 29 0
29 98 0
98 105 0
105 90 0
90 108 0
108 231 0
231 68 0
68 67 0
67 234 0
234 112 0
112 103 0
103 32 0
32 166 0
166 225 0
225 22 0
22 68 0
68 239 0
239 83 0
83 134 0
134 6 0
6 58 0
58 183 0
183 252 0
252 161 0
161 179 0
179 13 0
13 81 0
81 68 0
68 137 0
137 234 0
234 110 0
110 192 0
192 64 0
64 199 0
199 71 0
71 234 0
234 47 0
47 49 0
49 15 0
15 77 0
77 78 0
78 129 0
129 130 0
130 7 0
7 51 0
51 183 0
183 71 0
71 37 0
37 160 0
160 26 0
26 187 0
187 35 0
35 116 0
116 222 0
222 167 0
167 50 0
50 207 0
207 181 0
181 52 0
52 193 0
193 192 0
192 190 0
190 208 0
208 228 0
228 241 0
241 149 0
149 140 0
140 8 0
8 9 0
9 144 0
144 79 0
79 113 0
113 210 0
210 114 0
114 27 0
27 28 0
28 122 0
122 209 0
209 117 0
117 28 0
28 113 0
113 34 0
34 26 0
26 115 0
115 14 0
14 237 0
237 185 0
185 169 0
169 199 0
199 4 0
4 10 0
10 141 0
141 6 0
6 143 0
143 244 0
244 53 0
53 127 0
127 128 0
128 221 0
221 0 0
0 150 0
150 1 0
1 141 0
141 77 0
77 218 0
218 97 0
97 157 0
157 170 0
170 241 0
241 194 0
194 36 0
36 199 0
199 61 0
61 131 0
131 64 0
64 18 0
18 75 0
75 217 0
217 216 0
216 94 0
94 100 0
100 160 0
160 196 0
196 73 0
73 74 0
74 133 0
133 72 0
72 73 0
73 15 0
15 168 0
168 251 0
251 96 0
96 51 0
51 13 0
13 230 0
230 229 0
229 112 0
112 27 0
27 102 0
102 115 0
115 124 0
124 6 0
6 136 0
136 5 0
5 142 0
142 13 0
13 150 0
150 6 0
6 140 0
140 229 0
229 61 0
61 84 0
84 238 0
238 145 0
145 3 0
3 154 0
154 0 0
245 12 2
12 253 2
253 3 2
3 10 2
10 7 2
7 249 2
249 18 2
18 255 2
255 254 2
254 6 2
6 4 2
0 5 0
5 6 0
4 7 2
6 7 0
7 6 2
6 5 2
7 10 0
5 123 2
10 3 0
3 2 0
2 251 0
251 155 0
155 0 0
0 148 0
148 253 0
253 12 0
12 169 0
169 253 0
253 178 0
178 14 0
14 50 0
50 99 0
99 63 0
63 228 0
228 117 0
117 226 0
226 161 0
161 0 0
0 71 0
71 28 0
28 29 0
29 84 0
84 147 0
147 2 0
2 62 0
62 173 0
173 212 0
212 255 0
255 18 0
18 249 0
249 7 0
7 4 0
4 49 0
49 42 0
42 175 0
175 253 0
253 225 0
225 129 0
129 59 0
59 60 0
60 198 0
198 155 0
155 36 0
36 111 0
111 30 0
30 106 0
106 25 0
25 104 0
104 204 0
204 117 0
117 233 0
233 162 0
162 253 0
253 153 0
153 0 0
0 84 0
84 131 0
131 7 0
7 49 0
49 244 0
244 0 0
0 118 0
118 30 0
30 180 0
180 214 0
214 164 0
164 205 0
205 175 0
175 31 0
31 109 0
109 30 0
30 191 0
191 44 0
44 57 0
57 220 0
220 55 0
55 67 0
67 232 0
232 209 0
209 153 0
153 5 0
5 143 0
143 1 0
1 124 0
124 221 0
221 183 0
183 200 0
200 59 0
59 88 0
88 106 0
106 165 0
165 230 0
230 22 0
22 23 0
23 24 0
24 167 0
167 216 0
216 22 0
22 21 0
21 168 0
168 35 0
35 223 0
223 127 0
127 126 0
126 7 0
7 27 0
27 86 0
86 106 0
106 212 0
212 87 0
87 73 0
73 212 0
212 166 0
166 162 0
162 228 0
228 109 0
109 191 0
191 171 0
171 21 0
21 207 0
207 79 0
79 139 0
139 5 0
5 122 0
122 8 0
8 135 0
135 7 0
7 41 0
41 176 0
176 47 0
47 67 0
67 124 0
124 133 0
133 65 0
65 126 0
126 227 0
227 192 0
192 71 0
71 137 0
137 2 0
2 140 0
140 154 0
154 249 0
249 206 0
206 80 0
80 46 0
46 244 0
244 3 0
3 134 0
134 64 0
64 175 0
175 251 0
251 190 0
190 27 0
27 96 0
96 95 0
95 114 0
114 33 0
33 159 0
159 200 0
200 3 0
3 126 0
126 5 0
5 135 0
135 139 0
139 6 0
6 137 0
137 92 0
92 249 0
249 156 0
156 197 0
197 118 0
118 21 0
21 98 0
98 53 0
53 184 0
184 72 0
72 127 0
127 55 0
55 221 0
221 233 0
233 238 0
238 86 0
86 247 0
247 184 0
184 251 0
251 86 0
86 129 0
129 8 0
8 125 0
125 223 0
223 57 0
57 186 0
186 197 0
197 39 0
39 156 0
156 250 0
250 229 0
229 132 0
132 88 0
88 57 0
57 189 0
189 29 0
29 73 0
73 124 0
124 29 0
29 120 0
120 222 0
222 158 0
158 149 0
149 3 0
3 136 0
136 66 0
66 171 0
171 216 0
216 113 0
113 36 0
36 134 0
134 9 0
9 138 0
138 10 0
10 55 0
55 205 0
205 0 0
0 139 0
139 231 0
231 179 0
179 248 0
248 191 0
191 229 0
229 44 0
44 170 0
170 54 0
54 243 0
243 90 0
90 151 0
151 243 0
243 77 0
77 249 0
249 178 0
178 255 0
255 160 0
160 237 0
237 58 0
58 59 0
59 225 0
225 219 0
219 159 0
159 3 0
3 41 0
41 186 0
186 61 0
61 129 0
129 29 0
29 96 0
96 30 0
30 112 0
112 202 0
202 220 0
220 113 0
113 97 0
97 43 0
43 199 0
199 70 0
70 7 0
7 37 0
37 129 0
129 89 0
89 48 0
48 172 0
172 227 0
227 210 0
210 255 0
255 157 0
157 3 0
3 135 0
135 66 0
66 59 0
59 174 0
174 252 0
252 150 0
150 2 0
2 139 0
139 74 0
74 195 0
195 191 0
191 25 0
25 18 0
18 14 0
14 13 0
13 118 0
118 55 0
55 166 0
166 0 0
0 115 0
115 28 0
28 112 0
112 228 0
228 166 0
166 26 0
26 236 0
236 165 0
165 30 0
30 161 0
161 41 0
41 171 0
171 108 0
108 224 0
224 166 0
166 231 0
231 0 0
0 86 0
86 245 0
245 12 0
12 127 0
127 227 0
227 185 0
185 208 0
208 178 0
178 50 0
50 124 0
124 27 0
27 54 0
54 55 0
55 88 0
88 115 0
115 12 0
12 121 0
121 29 0
29 67 0
67 12 0
12 174 0
174 209 0
209 83 0
83 108 0
108 192 0
192 58 0
58 220 0
220 251 0
251 161 0
161 26 0
26 200 0
200 49 0
49 204 0
204 118 0
118 200 0
200 68 0
68 128 0
128 7 0
123 6 2
6 9 2
9 247 2
247 13 2
13 254 2
254 9 2
9 11 2
11 4 2
4 2 2
2 13 2
13 1 2
1 255 2
255 18 2
18 19 2
19 254 2
254 20 2
20 253 2
253 13 2
13 255 2
255 12 2
12 3 2
7 13 0
13 247 0
3 125 2
247 175 0
175 0 0
0 11 0
11 9 0
9 6 0
6 123 0
123 51 0
51 3 0
3 4 0
4 14 0
14 2 0
2 3 0
3 13 0
13 1 0
1 133 0
133 4 0
4 56 0
56 57 0
57 180 0
180 243 0
243 176 0
176 67 0
67 104 0
104 70 0
70 97 0
97 27 0
27 13 0
13 79 0
79 78 0
78 73 0
73 6 0
6 132 0
132 85 0
85 44 0
44 232 0
232 114 0
114 188 0
188 60 0
60 62 0
62 227 0
227 156 0
156 130 0
130 5 0
5 128 0
128 36 0
36 35 0
35 109 0
109 216 0
216 119 0
119 123 0
123 232 0
232 35 0
35 159 0
159 1 0
1 35 0
35 119 0
119 19 0
19 18 0
18 255 0
255 0 0
0 14 0
14 212 0
212 168 0
168 1 0
1 118 0
118 23 0
23 107 0
107 106 0
106 23 0
23 202 0
202 1 0
1 69 0
69 175 0
175 185 0
185 23 0
23 172 0
172 36 0
36 229 0
229 0 0
0 76 0
76 17 0
17 125 0
125 3 0
3 39 0
125 3 2
3 2 2
2 14 2
14 255 2
255 6 2
6 7 2
7 9 2
9 10 2
10 11 2
11 6 2
6 250 2
250 13 2
13 3 2
3 5 2
5 12 2
12 239 2
239 17 2
17 254 2
254 2 2
39 182 0
2 20 2
20 18 2
18 238 2
182 240 0
240 229 0
229 107 0
107 34 0
34 102 0
102 48 0
48 167 0
167 30 0
30 9 0
9 10 0
10 13 0
13 3 0
3 5 0
5 12 0
12 250 0
250 6 0
6 8 0
8 142 0
142 75 0
75 122 0
122 236 0
236 146 0
146 0 0
0 6 0
6 11 0
11 138 0
138 229 0
229 110 0
110 205 0
205 77 0
77 233 0
233 0 0
238 23 2
23 254 2
254 12 2
12 5 2
5 4 2
4 3 2
3 7 2
7 11 2
11 0 2
0 14 2
14 242 2
0 7 0
7 3 0
3 1 0
1 11 0
11 0 0
242 11 2
11 1 2
1 3 2
3 6 2
6 11 2
0 3 0
3 6 0
11 2 2
2 6 2
6 2 0
2 1 0
1 10 0
10 6 0
6 10 2
10 1 2
6 9 0
1 6 2
6 3 2
9 1 0
1 6 0
3 0 2
0 7 2
6 3 0
3 0 0
7 4 2
4 1 2
1 127 2
0 20 0
20 2 0
2 14 0
14 255 0
255 1 0
1 127 0
127 1 2
1 13 2
13 247 2
247 16 2
16 254 2
254 15 2
15 241 2
127 7 0
7 0 0
241 23 2
23 233 2
0 4 0
4 7 0
7 17 0
17 254 0
254 15 0
15 16 0
16 247 0
247 13 0
13 240 0
240 142 0
142 252 0
252 0 0
233 19 2
19 255 2
255 1 2
1 5 2
5 8 2
8 9 2
9 1 2
1 15 2
15 254 2
254 7 2
7 0 2
0 20 2
20 251 2
251 18 2
18 253 2
253 24 2
24 251 2
251 25 2
25 250 2
250 12 2
12 1 2
0 132 3
132 20 3
20 35 3
35 25 3
25 27 3
27 28 3
28 24 3
24 29 3
29 21 3
21 30 3
30 35 3
35 23 3
23 38 3
38 39 3
39 25 3
25 37 3
37 24 3
24 42 3
42 41 3
41 20 3
20 42 3
42 19 3
19 41 3
41 25 3
25 36 3
36 22 3
22 37 3
37 23 3
23 30 3
30 31 3
31 34 3
0 179 1
34 35 3
179 205 1
205 211 1
211 173 1
173 167 1
167 217 1
217 242 1
242 210 1
210 174 1
174 180 1
180 186 1
186 198 1
198 189 1
189 195 1
195 143 1
143 113 1
113 119 1
119 137 1
137 124 1
124 131 1
131 125 1
125 119 1
119 132 1
132 124 1
124 154 1
154 230 1
230 162 1
162 222 1
222 203 1
203 181 1
181 159 1
159 225 1
225 220 1
220 215 1
215 169 1
169 163 1
163 221 1
221 234 1
234 191 1
191 241 1
241 187 1
187 197 1
197 233 1
233 151 1
151 158 1
158 226 1
226 188 1
188 132 1
132 170 1
170 214 1
214 161 1
161 223 1
223 194 1
194 129 1
129 100 1
100 105 1
105 87 1
87 41 1
41 77 1
77 51 1
51 43 1
43 85 1
85 71 1
71 57 1
57 47 1
47 81 1
81 61 1
61 46 1
46 82 1
82 111 1
111 145 1
145 163 1
163 121 1
121 135 1
135 185 1
185 199 1
199 225 1
225 193 1
193 206 1
206 178 1
178 157 1
157 227 1
227 186 1
186 134 1
134 122 1
122 94 1
94 87 1
87 59 1
59 69 1
69 65 1
65 63 1
63 76 1
76 52 1
52 106 1
106 150 1
150 234 1
234 209 1
209 175 1
175 229 1
229 155 1
155 161 1
161 150 1
150 188 1
188 234 1
234 244 1
244 201 1
201 183 1
183 154 1
154 139 1
139 117 1
117 97 1
97 95 1
95 45 1
45 83 1
83 97 1
97 87 1
87 118 1
118 138 1
138 106 1
106 111 1
111 117 1
117 155 1
155 242 1
242 180 1
180 140 1
140 116 1
116 76 1
76 105 1
105 46 1
46 45 1
45 63 1
63 61 1
61 67 1
67 97 1
97 53 1
53 75 1
75 97 1
97 51 1
51 49 1
49 79 1
79 98 1
98 101 1
101 77 1
77 46 1
46 59 1
59 61 1
61 103 1
103 52 1
52 53 1
53 89 1
89 39 1
35 28 3
28 138 3
138 26 3
26 36 3
36 23 3
23 42 3
42 18 3
18 43 3
43 144 3
144 54 3
54 145 3
145 47 3
47 146 3
146 45 3
45 22 3
22 47 3
47 144 3
144 44 3
44 22 3
22 42 3
42 142 3
142 54 3
54 151 3
151 73 3
73 159 3
159 82 3
82 166 3
166 90 3
90 172 3
172 84 3
84 165 3
165 91 3
91 174 3
174 97 3
97 180 3
180 101 3
101 177 3
177 95 3
95 178 3
178 99 3
99 181 3
181 104 3
104 182 3
182 103 3
103 178 3
178 93 3
93 163 3
163 86 3
86 170 3
170 87 3
87 169 3
169 91 3
91 178 3
178 94 3
94 162 3
162 83 3
83 168 3
168 88 3
88 172 3
172 89 3
89 167 3
167 85 3
85 171 3
171 91 3
91 168 3
168 89 3
89 166 3
166 81 3
81 159 3
159 84 3
84 171 3
171 86 3
86 175 3
175 104 3
104 177 3
177 94 3
94 173 3
173 83 3
83 159 3
159 86 3
86 167 3
167 84 3
84 158 3
158 86 3
86 172 3
172 91 3
91 170 3
170 99 3
99 180 3
180 100 3
100 170 3
170 92 3
92 178 3
178 108 3
108 183 3
183 110 3
110 187 3
187 109 3
109 183 3
183 105 3
105 173 3
173 84 3
84 169 3
169 95 3
95 161 3
161 87 3
87 174 3
174 101 3
101 182 3
182 113 3
113 189 3
189 115 3
115 190 3
190 110 3
110 181 3
181 103 3
103 172 3
172 87 3
87 171 3
171 90 3
90 175 3
175 101 3
101 183 3
183 103 3
103 177 3
177 89 3
89 176 3
176 90 3
90 174 3
174 99 3
99 183 3
183 102 3
102 180 3
180 106 3
106 177 3
177 92 3
92 171 3
171 104 3
0 159 7
39 68 1
68 110 1
110 140 1
140 184 1
184 238 1
238 176 1
176 170 1
170 115 1
115 78 1
78 50 1
50 73 1
73 55 1
55 102 1
102 63 1
63 106 1
106 85 1
85 58 1
58 70 1
70 90 1
90 94 1
94 68 1
68 66 1
66 100 1
100 43 1
43 96 1
96 47 1
47 48 1
48 49 1
49 104 1
104 51 1
51 84 1
84 44 1
44 104 1
104 129 1
129 152 1
152 141 1
141 115 1
115 173 1
173 117 1
117 159 1
159 218 1
218 166 1
166 137 1
137 199 1
199 214 1
214 147 1
147 222 1
222 166 1
166 116 1
116 163 1
163 215 1
215 139 1
139 124 1
124 190 1
190 126 1
126 194 1
194 154 1
154 232 1
232 152 1
152 225 1
225 224 1
224 160 1
160 211 1
211 236 1
236 148 1
148 108 1
108 56 1
56 103 1
103 139 1
139 217 1
217 146 1
146 110 1
110 60 1
60 112 1
112 150 1
150 176 1
176 148 1
148 234 1
234 229 1
229 145 1
145 230 1
230 233 1
233 166 1
166 203 1
203 132 1
132 200 1
200 184 1
184 242 1
242 241 1
241 207 1
207 157 1
157 240 1
240 159 1
159 165 1
165 240 1
240 160 1
160 171 1
171 213 1
213 141 1
141 169 1
169 137 1
137 131 1
131 201 1
201 226 1
226 245 1
245 196 1
196 188 1
188 215 1
215 166 1
166 239 1
239 171 1
171 196 1
196 189 1
189 238 1
238 170 1
170 208 1
208 176 1
176 230 1
230 159 1
159 236 1
236 219 1
219 165 1
165 231 1
231 153 1
153 240 1
240 163 1
163 244 1
244 156 1
156 113 1
113 102 1
102 73 1
73 116 1
116 178 1
178 143 1
143 150 1
150 231 1
231 199 1
199 133 1
133 196 1
196 137 1
137 183 1
183 232 1
232 214 1
214 240 1
240 155 1
155 236 1
236 193 1
193 140 1
140 182 1
182 202 1
202 238 1
238 151 1
151 121 1
121 90 1
90 44 1
44 94 1
94 62 1
62 108 1
108 50 1
50 95 1
95 118 1
118 141 1
141 216 1
216 168 1
168 220 1
220 164 1
164 218 1
218 139 1
139 105 1
105 44 1
44 88 1
88 46 1
46 96 1
96 57 1
57 43 1
43 106 1
106 53 1
53 92 1
92 80 1
80 48 1
48 110 1
110 77 1
77 79 1
79 83 1
83 84 1
84 59 1
159 4 7
4 239 7
59 104 1
104 47 1
47 108 1
108 20 1
20 24 1
0 107 5
107 40 5
40 39 5
39 36 5
36 35 5
35 44 5
44 36 5
36 41 5
41 32 5
32 45 5
45 126 5
126 37 5
37 102 5
102 2 5
2 107 5
107 4 5
4 106 5
106 40 5
40 33 5
33 46 5
46 128 5
128 44 5
44 42 5
42 153 5
153 43 5
43 109 5
109 5 5
5 108 5
108 9 5
9 119 5
119 10 5
10 118 5
118 9 5
9 114 5
114 14 5
14 13 5
13 115 5
115 15 5
15 14 5
104 186 3
14 116 5
116 12 5
12 13 5
186 113 3
13 20 5
20 19 5
19 109 5
109 6 5
6 115 5
115 7 5
7 110 5
110 18 5
18 115 5
115 20 5
113 190 3
20 12 5
12 119 5
119 23 5
23 117 5
117 11 5
11 112 5
112 16 5
16 15 5
15 120 5
120 8 5
8 116 5
116 7 5
7 121 5
190 117 3
121 9 5
9 115 5
115 19 5
19 114 5
114 21 5
21 119 5
119 22 5
22 10 5
10 117 5
117 9 5
9 107 5
107 5 5
5 111 5
111 6 5
6 112 5
112 8 5
8 111 5
111 7 5
7 113 5
113 15 5
1 20 2
20 2 2
2 3 2
3 4 2
15 117 5
117 8 5
8 115 5
4 13 2
13 138 2
138 9 2
9 136 2
136 12 2
12 232 2
232 24 2
24 252 2
252 20 2
20 249 2
249 22 2
22 255 2
255 15 2
15 253 2
253 12 2
12 138 2
138 8 2
8 130 2
130 7 2
7 133 2
133 8 2
8 134 2
134 7 2
117 191 3
7 3 2
191 119 3
115 16 5
16 113 5
113 5 5
5 106 5
106 38 5
38 104 5
104 39 5
39 106 5
106 7 5
7 112 5
119 188 3
188 112 3
112 190 3
190 104 3
104 183 3
183 100 3
100 169 3
169 96 3
96 179 3
179 94 3
94 165 3
165 98 3
98 179 3
179 95 3
95 176 3
176 87 3
112 5 5
24 110 1
110 136 1
136 120 1
120 170 1
170 231 1
231 151 1
151 212 1
212 172 1
172 203 1
203 169 1
169 240 1
240 164 1
164 227 1
227 155 1
155 223 1
223 145 1
145 226 1
226 157 1
157 244 1
244 161 1
161 118 1
118 133 1
133 193 1
193 145 1
145 124 1
124 101 1
101 121 1
121 180 1
180 203 1
203 231 1
231 174 1
174 127 1
127 177 1
177 207 1
207 145 1
145 215 1
215 176 1
176 239 1
239 201 1
201 195 1
195 234 1
234 170 1
170 118 1
118 84 1
84 43 1
43 65 1
65 66 1
66 112 1
112 73 1
73 76 1
76 47 1
47 92 1
92 115 1
115 164 1
164 210 1
210 140 1
140 211 1
211 138 1
138 180 1
180 118 1
118 155 1
155 226 1
226 179 1
179 124 1
124 90 1
90 103 1
103 50 1
50 57 1
57 101 1
101 43 1
43 103 1
103 53 1
53 55 1
55 86 1
86 42 1
42 92 1
92 60 1
60 82 1
82 63 1
63 88 1
88 89 1
89 44 1
44 99 1
99 45 1
45 108 1
108 149 1
149 235 1
235 194 1
194 176 1
176 141 1
141 206 1
206 135 1
135 124 1
124 182 1
182 243 1
243 158 1
158 241 1
241 183 1
183 189 1
189 240 1
240 185 1
185 130 1
130 99 1
99 43 1
43 48 1
48 74 1
74 54 1
54 85 1
85 108 1
108 48 1
48 99 1
99 54 1
54 107 1
107 149 1
149 236 1
236 161 1
161 113 1
113 163 1
163 242 1
242 167 1
167 235 1
235 151 1
151 210 1
210 177 1
177 221 1
221 141 1
141 122 1
122 187 1
187 212 1
212 176 1
176 119 1
119 154 1
154 237 1
237 206 1
206 152 1
152 133 1
133 194 1
194 245 1
245 162 1
162 225 1
225 142 1
142 114 1
114 158 1
158 244 1
244 243 1
243 242 1
242 165 1
165 222 1
222 172 1
172 224 1
224 185 1
185 228 1
228 156 1
156 219 1
219 143 1
143 108 1
108 51 1
51 52 1
52 111 1
111 55 1
87 168 3
55 56 1
168 90 3
90 177 3
56 57 1
177 93 3
57 112 1
112 126 1
126 185 1
185 148 1
148 221 1
221 204 1
204 180 1
180 245 1
245 173 1
173 128 1
128 196 1
196 130 1
130 169 1
93 168 3
168 85 3
85 175 3
175 102 3
102 173 3
173 96 3
169 244 1
244 176 1
176 219 1
219 209 1
209 202 1
202 223 1
223 146 1
146 228 1
228 227 1
227 150 1
150 237 1
237 178 1
178 119 1
119 82 1
82 47 1
47 106 1
106 70 1
70 79 1
79 64 1
64 98 1
98 59 1
96 174 3
174 88 3
88 175 3
175 108 3
108 184 3
184 115 3
59 114 1
114 68 1
68 60 1
5 105 5
105 38 5
60 94 1
38 103 5
103 3 5
94 53 1
3 105 5
3 121 2
121 7 2
53 88 1
7 125 2
125 8 2
8 132 2
132 7 2
88 45 1
45 78 1
78 87 1
7 138 2
138 10 2
10 134 2
134 9 2
9 133 2
133 12 2
12 0 2
0 107 2
107 244 2
244 106 2
106 36 2
36 107 2
107 29 2
29 108 2
108 32 2
32 110 2
110 33 2
33 112 2
112 32 2
32 109 2
109 31 2
31 108 2
108 37 2
37 107 2
107 247 2
247 106 2
106 33 2
33 111 2
111 32 2
32 105 2
105 31 2
31 254 2
115 186 3
186 107 3
87 100 1
100 119 1
119 182 1
182 244 1
244 165 1
165 225 1
225 171 1
171 242 1
242 198 1
198 130 1
130 189 1
189 123 1
123 183 1
183 120 1
120 146 1
146 231 1
231 155 1
155 199 1
199 240 1
240 158 1
158 245 1
245 157 1
157 218 1
218 180 1
107 178 3
178 112 3
180 153 1
153 173 1
173 238 1
238 229 1
229 226 1
226 144 1
144 112 1
112 95 1
95 52 1
52 107 1
107 21 1
21 23 1
112 185 3
185 104 3
105 39 5
39 107 5
107 11 5
11 21 5
104 174 3
174 92 3
92 162 3
162 86 3
21 128 5
128 15 5
15 116 5
116 10 5
10 23 5
23 118 5
118 24 5
24 119 5
119 16 5
16 116 5
116 13 5
13 126 5
254 21 2
21 235 2
235 20 2
20 16 2
16 15 2
15 14 2
14 163 2
163 17 2
17 7 2
86 164 3
164 92 3
92 169 3
169 83 3
83 166 3
166 79 3
79 155 3
155 70 3
126 43 5
43 33 5
33 45 5
45 151 5
151 40 5
70 161 3
161 81 3
81 164 3
164 84 3
84 168 3
168 103 3
103 171 3
171 101 3
101 172 3
40 32 5
172 85 3
32 46 5
85 174 3
174 82 3
46 127 5
127 16 5
16 14 5
14 112 5
112 19 5
19 20 5
20 114 5
114 8 5
8 109 5
109 4 5
4 112 5
112 10 5
10 120 5
120 12 5
12 18 5
18 119 5
119 15 5
15 123 5
123 19 5
19 111 5
111 10 5
10 121 5
121 7 5
7 114 5
114 10 5
7 122 2
122 6 2
6 128 2
128 0 2
0 109 2
109 244 2
244 245 2
245 107 2
107 246 2
246 115 2
115 33 2
33 114 2
114 34 2
34 116 2
116 245 2
245 109 2
109 33 2
10 110 5
110 43 5
43 108 5
108 12 5
12 107 5
107 6 5
6 122 5
122 10 5
33 116 2
116 246 2
246 23 2
23 251 2
251 19 2
19 3 2
10 24 5
239 66 7
66 205 7
205 59 7
59 201 7
201 55 7
55 200 7
200 56 7
56 201 7
201 62 7
62 203 7
203 57 7
57 199 7
199 54 7
54 202 7
202 14 7
14 175 7
175 15 7
15 176 7
176 16 7
16 177 7
177 17 7
17 176 7
176 18 7
18 177 7
24 130 5
82 158 3
158 85 3
85 159 3
159 80 3
80 169 3
169 90 3
90 179 3
179 93 3
93 174 3
174 86 3
86 161 3
23 18 1
18 110 1
110 82 1
82 116 1
116 162 1
162 235 1
235 154 1
154 241 1
241 201 1
201 185 1
185 230 1
230 150 1
150 124 1
124 191 1
191 143 1
143 106 1
106 45 1
45 98 1
98 50 1
50 107 1
107 43 1
43 102 1
102 58 1
58 95 1
95 49 1
49 110 1
110 147 1
147 109 1
109 49 1
49 102 1
102 136 1
136 177 1
177 208 1
208 167 1
167 240 1
240 194 1
194 219 1
219 240 1
240 170 1
170 245 1
245 160 1
160 215 1
215 151 1
151 187 1
187 242 1
242 164 1
164 247 1
247 159 1
159 238 1
238 154 1
154 190 1
190 129 1
129 178 1
178 236 1
236 171 1
171 115 1
115 77 1
77 113 1
113 65 1
65 86 1
86 60 1
60 93 1
93 91 1
91 43 1
43 82 1
82 70 1
70 109 1
109 19 1
0 115 6
115 13 6
13 14 6
14 114 6
114 8 6
8 115 6
115 7 6
7 116 6
116 12 6
12 16 6
16 15 6
15 113 6
113 41 6
41 40 6
40 35 6
35 42 6
42 31 6
31 33 6
33 44 6
44 32 6
32 41 6
41 35 6
35 37 6
37 40 6
40 106 6
106 39 6
39 38 6
38 103 6
103 39 6
39 40 6
40 105 6
105 39 6
39 31 6
31 45 6
45 33 6
33 43 6
43 42 6
42 34 6
34 44 6
44 129 6
129 42 6
42 128 6
128 43 6
43 29 6
29 44 6
44 130 6
130 43 6
43 111 6
111 7 6
130 43 5
43 42 5
42 34 5
34 37 5
37 39 5
39 41 5
41 35 5
35 42 5
42 33 5
33 43 5
43 31 5
7 113 6
113 6 6
6 115 6
115 9 6
9 119 6
119 16 6
16 42 6
42 35 6
35 41 6
41 39 6
39 37 6
37 35 6
35 46 6
46 30 6
30 42 6
42 33 6
31 41 5
41 39 5
39 37 5
37 36 5
36 45 5
33 38 6
38 40 6
40 42 6
42 36 6
36 45 6
45 36 5
45 36 6
36 40 5
36 37 6
37 41 6
41 31 6
40 38 5
38 35 5
35 41 5
31 37 6
37 34 6
34 39 6
39 41 6
41 31 5
41 32 6
32 50 6
50 133 6
133 53 6
53 31 6
31 43 6
43 36 6
36 35 6
31 43 5
43 35 5
35 37 5
35 39 6
37 40 5
39 36 6
36 40 6
40 36 5
40 36 6
36 37 5
36 38 6
37 35 5
38 35 6
35 38 5
35 36 6
38 40 5
36 39 6
39 43 6
43 35 6
40 35 5
35 40 6
35 40 5
40 39 6
39 35 6
40 106 5
106 6 5
6 113 5
113 4 5
161 72 3
4 104 5
104 37 5
37 34 5
35 38 6
34 41 5
38 42 6
41 38 5
38 36 5
42 38 6
38 34 6
36 39 5
34 41 6
41 36 6
39 40 5
40 34 5
36 42 6
34 38 5
42 40 6
40 34 6
34 38 6
38 39 6
38 39 5
39 35 5
39 34 6
34 37 6
37 102 6
102 38 6
38 101 6
35 39 5
39 32 5
101 40 6
40 38 6
32 41 5
41 37 5
38 41 6
41 37 6
37 32 6
32 39 6
37 41 5
41 34 5
34 40 5
39 29 6
29 38 6
38 44 6
44 35 6
40 37 5
37 33 5
33 40 5
19 108 1
108 61 1
61 73 1
73 53 1
53 43 1
43 50 1
50 109 1
109 47 1
47 102 1
102 104 1
104 36 1
177 21 7
21 247 7
247 94 7
94 248 7
248 51 7
51 198 7
198 53 7
53 232 7
232 31 7
31 186 7
186 30 7
30 185 7
185 28 7
28 184 7
184 27 7
27 229 7
229 46 7
46 194 7
194 47 7
47 196 7
196 14 7
14 195 7
195 45 7
0 118 4
45 193 7
118 221 4
221 117 4
117 252 4
252 132 4
132 44 4
44 30 4
30 41 4
41 42 4
42 109 4
109 206 4
206 111 4
111 211 4
211 109 4
109 207 4
207 108 4
108 41 4
41 107 4
107 42 4
42 31 4
31 46 4
46 19 4
19 36 4
36 42 4
42 110 4
110 207 4
207 106 4
106 41 4
41 29 4
29 44 4
44 28 4
28 23 4
23 26 4
26 25 4
25 23 4
23 27 4
27 21 4
21 47 4
47 29 4
29 43 4
43 32 4
32 31 4
31 37 4
35 30 6
30 41 6
41 38 6
38 33 6
33 40 6
37 29 4
29 46 4
46 18 4
40 30 6
30 44 6
44 36 6
40 30 5
36 49 6
49 33 6
33 37 6
37 29 6
29 40 6
18 45 4
45 29 4
29 40 4
40 41 4
40 41 6
41 40 4
41 42 6
40 42 4
42 32 6
32 43 6
43 40 6
42 38 4
40 37 6
38 29 4
29 39 4
37 39 6
39 38 4
39 33 6
38 31 4
31 48 4
48 30 4
30 35 4
35 34 4
34 43 4
33 42 6
42 37 6
37 31 6
31 38 6
43 31 4
31 38 4
38 31 6
31 42 6
38 90 4
30 42 5
42 30 6
42 39 5
39 38 5
38 37 5
30 40 6
90 182 4
182 88 4
88 40 4
40 43 4
43 36 4
36 28 4
28 35 4
40 31 6
31 48 6
35 29 4
48 30 6
30 36 6
36 41 6
41 33 6
29 34 4
34 62 4
62 140 4
140 65 4
33 47 6
47 129 6
129 43 6
43 41 6
41 28 6
65 141 4
28 122 6
122 23 6
23 25 6
141 68 4
68 142 4
25 43 6
43 31 6
31 36 6
142 66 4
66 33 4
33 47 4
47 31 4
31 43 4
43 28 4
28 41 4
41 43 4
43 25 4
25 24 4
24 49 4
49 32 4
32 53 4
53 31 4
31 32 4
32 43 4
43 133 4
36 31 6
31 34 6
34 48 6
48 32 6
32 44 6
44 39 6
39 30 6
30 45 6
45 130 6
130 42 6
42 24 6
24 25 6
133 44 4
44 32 4
32 30 4
30 45 4
45 28 4
28 128 4
128 26 4
26 24 4
25 24 6
24 25 4
24 26 6
25 26 4
26 23 4
26 24 6
23 52 4
52 29 4
29 25 4
25 22 4
22 47 4
24 43 6
43 32 6
32 46 6
47 33 4
46 31 6
33 40 4
40 38 4
38 30 4
30 44 4
44 19 4
19 126 4
126 25 4
37 46 5
46 36 5
36 38 5
38 41 5
41 33 5
31 40 6
40 33 6
33 39 6
33 42 5
42 43 5
43 36 5
36 98 5
98 37 5
39 17 6
25 52 4
17 42 6
42 28 6
28 41 6
41 34 6
34 43 6
43 28 6
52 31 4
31 36 4
36 43 4
43 34 4
28 38 6
38 36 6
37 38 5
38 42 5
42 36 5
34 41 4
41 28 4
28 38 4
38 42 4
42 108 4
108 205 4
205 107 4
36 34 6
34 40 6
40 32 6
32 42 6
107 204 4
204 106 4
106 200 4
42 23 6
23 40 6
40 29 6
29 41 6
200 107 4
107 213 4
213 108 4
108 206 4
206 106 4
106 42 4
42 40 4
40 29 4
29 35 4
35 33 4
41 30 6
30 43 6
43 34 6
34 27 6
33 53 4
53 153 4
27 49 6
49 130 6
130 46 6
46 36 6
36 42 5
42 38 5
38 30 5
30 39 5
39 31 5
31 44 5
44 35 5
35 36 5
36 30 6
30 39 6
39 32 6
32 38 6
38 45 6
45 40 6
40 28 6
153 88 4
88 178 4
178 89 4
89 180 4
180 88 4
88 38 4
38 41 4
41 30 4
30 37 4
37 31 4
31 49 4
49 39 4
39 42 4
42 28 4
28 42 6
28 42 4
42 32 4
32 45 4
45 31 4
42 27 6
27 41 6
31 41 4
41 27 4
41 27 6
27 41 4
41 103 4
103 198 4
27 37 6
37 33 6
33 32 6
32 45 6
45 31 6
198 102 4
102 41 4
41 34 4
34 48 4
48 39 4
39 101 4
101 190 4
190 100 4
100 40 4
40 28 4
28 34 4
34 46 4
46 31 4
31 130 4
130 42 4
42 27 4
27 24 4
24 46 4
46 33 4
33 131 4
131 45 4
45 20 4
20 34 4
34 60 4
60 157 4
72 159 3
159 89 3
89 173 3
173 93 3
93 175 3
175 91 3
91 173 3
173 103 3
103 176 3
176 88 3
88 177 3
177 91 3
91 164 3
164 83 3
83 160 3
160 96 3
96 180 3
180 103 3
103 190 3
190 101 3
101 186 3
186 110 3
110 179 3
179 92 3
92 168 3
157 62 4
36 98 1
98 126 1
126 189 1
189 206 1
206 133 1
133 180 1
180 125 1
125 179 1
179 233 1
233 173 1
173 218 1
218 141 1
141 108 1
108 49 1
49 43 1
43 63 1
63 113 1
113 88 1
88 40 1
40 55 1
55 46 1
46 87 1
87 120 1
120 96 1
96 50 1
50 88 1
88 122 1
122 184 1
184 221 1
221 175 1
175 240 1
240 197 1
197 226 1
226 238 1
238 243 1
243 163 1
163 128 1
128 175 1
175 244 1
244 160 1
160 113 1
113 64 1
64 103 1
103 44 1
44 95 1
95 55 1
55 109 1
109 78 1
78 113 1
113 162 1
162 244 1
244 167 1
167 213 1
213 243 1
243 168 1
168 237 1
237 165 1
165 141 1
168 82 3
141 119 1
119 158 1
158 138 1
138 201 1
201 229 1
229 166 1
166 221 1
221 143 1
143 189 1
189 124 1
124 169 1
169 231 1
231 149 1
149 223 1
223 174 1
174 115 1
115 70 1
70 92 1
92 61 1
61 106 1
106 44 1
44 98 1
98 55 1
82 155 3
55 83 1
83 118 1
118 169 1
169 208 1
208 182 1
182 212 1
212 136 1
136 198 1
198 149 1
149 232 1
232 201 1
201 213 1
213 175 1
175 230 1
230 197 1
197 141 1
141 198 1
155 81 3
198 133 1
133 172 1
172 130 1
130 143 1
143 203 1
203 133 1
133 107 1
107 142 1
142 209 1
209 134 1
134 118 1
118 74 1
74 45 1
45 54 1
54 106 1
106 49 1
49 77 1
81 165 3
165 100 3
100 190 3
190 106 3
106 175 3
175 89 3
89 178 3
178 90 3
90 167 3
167 83 3
83 165 3
165 87 3
87 163 3
77 43 1
43 52 1
52 102 1
102 45 1
45 92 1
92 62 1
62 115 1
115 154 1
154 213 1
213 150 1
150 162 1
162 223 1
223 143 1
143 105 1
105 37 1
163 91 3
91 162 3
162 85 3
85 163 3
62 33 4
33 132 4
132 46 4
46 133 4
133 47 4
47 138 4
138 59 4
59 157 4
163 95 3
95 181 3
181 100 3
100 179 3
179 99 3
99 165 3
165 75 3
157 77 4
77 147 4
147 76 4
76 145 4
145 75 4
75 168 4
75 168 3
168 75 4
168 75 3
75 38 4
38 96 4
96 185 4
185 93 4
93 186 4
186 96 4
96 191 4
191 95 4
95 188 4
188 98 4
98 181 4
193 12 7
12 187 7
187 33 7
181 88 4
88 177 4
177 90 4
90 184 4
184 89 4
89 178 4
178 90 4
90 185 4
185 91 4
91 165 4
165 83 4
83 149 4
149 79 4
79 171 4
171 85 4
85 175 4
175 84 4
84 151 4
151 83 4
83 175 4
175 81 4
81 172 4
172 84 4
84 174 4
174 82 4
82 150 4
75 159 3
159 68 3
68 167 3
167 67 3
67 159 3
159 87 3
87 173 3
173 90 3
90 164 3
164 80 3
80 166 3
166 67 3
67 158 3
158 80 3
80 157 3
157 77 3
77 164 3
164 82 3
82 172 3
172 81 3
81 158 3
158 76 3
76 161 3
161 71 3
3 17 2
17 20 2
20 255 2
255 11 2
11 7 2
150 79 4
79 148 4
148 58 4
58 31 4
31 66 4
33 216 7
216 19 7
19 178 7
178 18 7
18 246 7
246 3 7
3 247 7
247 22 7
22 181 7
181 24 7
24 183 7
183 27 7
27 234 7
234 53 7
53 199 7
31 35 6
199 13 7
13 188 7
35 29 6
29 43 6
43 38 6
38 30 6
30 37 6
37 46 6
46 34 6
34 36 6
188 37 7
36 34 5
34 43 5
36 33 6
43 38 5
38 34 5
34 47 5
47 35 5
33 36 6
36 27 6
27 38 6
38 28 6
28 40 6
40 15 6
15 42 6
42 18 6
18 121 6
121 23 6
23 26 6
26 123 6
123 19 6
19 122 6
122 26 6
26 39 6
39 14 6
14 121 6
121 41 6
41 29 6
29 122 6
122 24 6
24 46 6
46 131 6
131 45 6
45 37 6
37 100 6
100 38 6
38 37 6
37 92 6
92 36 6
37 92 1
92 36 1
37 190 7
190 36 7
66 35 4
35 31 4
31 50 4
50 21 4
21 25 4
25 27 4
27 36 4
36 30 4
30 42 4
36 32 6
32 37 6
42 15 4
37 28 6
28 34 6
34 30 6
15 43 4
43 30 4
30 34 4
30 34 6
34 35 4
35 30 4
34 29 6
30 36 4
29 35 6
36 29 4
35 28 6
28 39 6
29 36 4
36 41 4
41 31 4
39 23 6
23 44 6
44 38 6
31 35 4
38 32 6
35 18 4
18 43 4
43 29 4
32 36 6
36 29 6
29 42 6
42 15 6
15 118 6
118 10 6
10 117 6
117 11 6
11 118 6
118 8 6
8 117 6
117 9 6
9 116 6
116 254 6
36 103 1
103 46 1
46 97 1
97 52 1
52 94 1
94 66 1
66 109 1
109 52 1
52 105 1
105 43 1
43 45 1
45 68 1
68 111 1
111 131 1
131 170 1
170 143 1
143 200 1
200 134 1
134 192 1
192 125 1
125 186 1
186 235 1
235 148 1
148 227 1
227 152 1
152 236 1
236 237 1
237 170 1
170 197 1
197 129 1
129 187 1
187 216 1
216 149 1
149 177 1
177 243 1
243 164 1
164 245 1
245 159 1
159 216 1
216 180 1
180 120 1
120 179 1
179 141 1
141 184 1
184 244 1
244 166 1
166 242 1
242 182 1
182 239 1
239 178 1
178 117 1
117 180 1
180 231 1
231 145 1
145 205 1
205 133 1
133 185 1
185 132 1
132 125 1
125 166 1
166 135 1
135 106 1
106 95 1
95 46 1
46 71 1
71 92 1
92 83 1
83 102 1
102 70 1
70 55 1
55 82 1
82 80 1
80 111 1
111 66 1
66 104 1
104 45 1
45 96 1
96 53 1
35 12 5
12 15 5
15 113 5
113 7 5
7 116 5
116 9 5
9 117 5
117 10 5
10 20 5
20 18 5
18 110 5
110 6 5
6 117 5
117 13 5
13 14 5
14 114 5
114 6 5
6 108 5
108 40 5
40 31 5
31 38 5
38 33 5
33 47 5
47 36 5
53 86 1
86 45 1
45 105 1
105 50 1
50 43 1
43 94 1
94 55 1
55 113 1
113 61 1
61 96 1
96 126 1
126 179 1
179 147 1
147 231 1
231 172 1
172 223 1
223 150 1
150 235 1
235 238 1
238 171 1
171 206 1
206 138 1
138 189 1
189 127 1
127 94 1
94 65 1
65 116 1
116 175 1
175 242 1
242 169 1
169 162 1
162 148 1
148 217 1
217 211 1
211 137 1
137 143 1
143 163 1
163 226 1
226 149 1
149 191 1
191 236 1
236 208 1
208 138 1
138 112 1
112 130 1
130 166 1
166 127 1
127 97 1
97 73 1
73 91 1
91 49 1
254 113 6
113 15 6
15 12 6
12 115 6
115 11 6
11 111 6
111 17 6
17 43 6
43 30 6
30 35 6
35 31 6
29 32 4
32 44 4
44 37 4
37 30 4
30 39 4
39 29 4
49 96 1
96 44 1
44 109 1
109 20 1
20 23 1
23 24 1
24 16 1
16 106 1
106 144 1
144 181 1
181 198 1
198 128 1
128 172 1
172 237 1
237 199 1
199 24 1
24 19 1
19 106 1
106 14 1
14 25 1
25 202 1
202 236 1
236 160 1
160 205 1
205 220 1
220 142 1
142 175 1
175 227 1
227 143 1
143 111 1
111 67 1
29 23 4
23 25 4
25 36 4
36 31 4
31 42 4
42 29 4
67 84 1
84 46 1
46 108 1
108 18 1
18 17 1
17 108 1
108 70 1
36 12 5
12 14 5
14 15 5
15 16 5
16 12 5
12 113 5
113 8 5
8 114 5
114 5 5
5 110 5
110 9 5
9 111 5
111 17 5
17 20 5
20 118 5
118 10 5
10 109 5
109 19 5
19 118 5
118 11 5
11 111 5
111 44 5
44 32 5
32 42 5
42 35 5
29 38 4
38 43 4
43 26 4
26 22 4
22 42 4
42 24 4
24 35 4
35 28 4
28 40 4
40 30 4
30 48 4
48 33 4
33 36 4
36 48 4
48 18 4
18 52 4
52 28 4
70 77 1
28 37 4
37 51 4
51 205 4
205 109 4
109 201 4
201 103 4
103 40 4
71 149 3
149 74 3
77 55 1
55 42 1
42 59 1
59 57 1
57 104 1
104 37 1
31 32 6
32 33 6
33 29 6
29 39 6
39 24 6
24 119 6
119 15 6
15 16 6
16 11 6
11 14 6
14 41 6
41 26 6
40 24 4
24 39 4
26 43 6
43 33 6
39 41 4
41 26 4
26 43 4
33 15 6
43 17 4
17 45 4
45 131 4
131 35 4
15 38 6
38 26 6
26 41 6
41 21 6
21 40 6
40 27 6
27 24 6
35 25 4
24 39 6
25 21 4
21 26 4
26 35 4
35 20 4
39 28 6
28 37 6
37 30 6
20 126 4
126 22 4
22 36 4
36 19 4
19 37 4
37 42 4
42 30 4
30 23 4
23 44 4
44 34 4
34 30 4
30 32 4
32 41 4
30 33 6
33 9 6
9 117 6
117 10 6
10 118 6
118 9 6
9 110 6
110 41 6
41 17 6
17 111 6
111 44 6
44 34 6
41 21 4
21 48 4
48 31 4
7 21 2
21 18 2
18 0 2
0 3 2
74 163 3
163 96 3
96 186 3
186 108 3
108 173 3
173 81 3
81 168 3
168 79 3
79 150 3
150 62 3
62 157 3
157 59 3
59 25 3
25 29 3
29 23 3
23 35 3
35 15 3
15 33 3
33 34 3
34 25 3
25 31 3
31 23 3
23 37 3
37 25 3
25 28 3
28 29 3
29 35 3
35 34 3
34 23 3
23 36 3
36 25 3
31 25 4
25 30 3
25 28 4
30 23 3
23 27 3
27 26 3
28 24 4
26 28 3
28 23 3
23 40 3
24 34 4
34 44 4
40 42 3
42 23 3
23 33 3
34 28 6
33 35 3
35 20 3
20 37 3
37 22 3
22 36 3
36 32 3
32 30 3
30 28 3
44 31 4
28 35 6
28 35 3
35 32 6
35 32 3
32 34 6
32 34 3
34 32 6
34 24 3
31 24 4
24 31 3
24 29 4
31 25 3
29 22 4
22 28 4
28 25 4
25 32 3
32 26 3
26 29 3
29 24 3
24 33 3
33 17 3
17 39 3
39 38 3
38 23 3
32 31 6
23 29 3
29 22 3
22 48 3
48 21 3
21 43 3
43 19 3
19 40 3
40 15 3
15 38 3
38 14 3
14 35 3
35 12 3
12 39 3
39 13 3
13 38 3
38 43 3
43 20 3
20 39 3
39 22 3
22 41 3
41 42 3
42 15 3
15 43 3
43 26 3
31 12 6
12 39 6
39 21 6
21 41 6
41 24 6
24 44 6
44 33 6
33 22 6
22 42 6
42 29 6
29 34 6
34 26 6
26 33 3
33 22 3
22 35 3
26 33 6
35 30 3
30 32 3
32 35 3
35 26 3
26 32 3
32 25 3
33 21 6
21 22 6
22 44 6
44 37 6
37 27 6
27 36 6
36 28 6
28 19 6
19 118 6
118 11 6
11 113 6
113 17 6
17 39 6
39 27 6
27 122 6
122 21 6
21 119 6
119 8 6
8 114 6
114 14 6
14 125 6
125 41 6
41 20 6
20 119 6
119 13 6
13 116 6
116 9 6
9 120 6
120 8 6
8 116 6
116 19 6
19 112 6
112 43 6
43 17 6
17 117 6
117 13 6
13 114 6
114 41 6
41 22 6
22 120 6
120 41 6
41 23 6
23 45 6
45 38 6
38 29 6
29 36 6
25 146 3
146 70 3
70 148 3
148 58 3
58 163 3
163 61 3
61 164 3
164 87 3
87 162 3
162 82 3
82 173 3
173 86 3
86 165 3
165 82 3
82 169 3
169 105 3
105 174 3
174 84 3
84 175 3
175 85 3
85 166 3
166 94 3
94 175 3
175 87 3
36 189 7
189 38 7
38 191 7
191 42 7
42 227 7
227 44 7
44 231 7
231 30 7
30 236 7
236 51 7
35 14 5
14 11 5
11 16 5
16 117 5
117 5 5
5 115 5
115 13 5
13 114 5
114 12 5
12 35 5
87 156 3
156 69 3
69 146 3
146 68 3
68 151 3
151 75 3
75 161 3
161 78 3
78 162 3
162 60 3
60 157 3
157 76 3
76 150 3
150 69 3
69 155 3
155 83 3
83 158 3
158 51 3
51 23 3
23 34 3
34 22 3
22 29 3
29 27 3
27 39 3
39 17 3
17 35 3
35 21 3
21 33 3
33 20 3
20 41 3
41 21 3
21 39 3
39 28 3
28 19 3
19 46 3
46 21 3
21 42 3
42 24 3
24 44 3
44 21 3
21 36 3
36 27 3
36 24 6
27 24 3
24 36 3
24 27 6
27 39 6
36 17 3
17 44 3
44 23 3
25 19 4
19 28 4
28 21 4
21 27 4
27 23 4
23 28 3
28 25 3
23 28 4
39 20 6
20 41 6
28 6 4
6 122 4
25 34 3
34 26 3
26 30 3
30 25 3
122 10 4
10 32 4
32 42 4
42 41 4
41 33 4
33 31 4
31 18 4
18 35 4
35 27 4
27 25 4
25 26 3
26 27 3
27 29 3
29 36 3
36 26 3
26 31 3
31 36 3
36 24 3
24 51 3
41 15 6
15 11 6
11 16 6
16 117 6
117 6 6
6 113 6
113 44 6
44 31 6
31 21 6
21 42 6
42 16 6
16 121 6
121 15 6
15 33 6
33 27 6
27 23 6
23 62 6
62 138 6
138 59 6
59 31 6
51 25 3
3 9 2
9 128 2
128 7 2
7 18 2
18 249 2
249 19 2
19 237 2
237 22 2
22 234 2
234 103 2
103 30 2
30 108 2
108 243 2
243 107 2
107 26 2
26 102 2
102 244 2
244 105 2
105 36 2
36 255 2
51 196 7
255 109 2
109 243 2
243 105 2
105 245 2
245 21 2
21 5 2
5 121 2
121 246 2
246 108 2
108 247 2
247 22 2
22 251 2
251 12 2
12 10 2
10 136 2
136 8 2
8 141 2
141 15 2
15 16 2
16 252 2
252 19 2
19 18 2
18 245 2
245 111 2
111 38 2
38 108 2
108 249 2
249 25 2
25 231 2
231 101 2
101 27 2
27 250 2
250 26 2
26 240 2
240 16 2
16 20 2
20 227 2
227 19 2
19 225 2
225 87 2
87 224 2
224 80 2
80 222 2
222 79 2
79 245 2
245 113 2
113 33 2
33 117 2
117 34 2
34 112 2
112 244 2
244 110 2
110 248 2
248 20 2
20 237 2
237 21 2
21 10 2
10 140 2
140 9 2
9 135 2
135 10 2
10 132 2
132 6 2
196 50 7
50 247 7
247 14 7
31 9 6
14 179 7
9 109 6
109 41 6
179 18 7
18 212 7
212 27 7
27 230 7
230 31 7
31 187 7
187 34 7
34 222 7
222 29 7
29 185 7
185 12 7
12 174 7
174 11 7
11 169 7
169 9 7
9 245 7
245 10 7
10 190 7
190 38 7
41 19 6
19 127 6
127 42 6
42 14 6
14 13 6
13 115 6
115 5 6
5 123 6
123 41 6
38 218 7
218 18 7
18 239 7
239 58 7
58 236 7
236 2 7
2 245 7
245 37 7
37 191 7
191 13 7
13 194 7
35 9 5
9 118 5
118 15 5
15 13 5
13 119 5
119 9 5
9 120 5
120 22 5
22 117 5
117 6 5
6 104 5
104 38 5
38 32 5
32 39 5
39 42 5
42 30 5
30 41 5
41 36 5
36 13 5
13 113 5
113 17 5
17 111 5
111 4 5
4 115 5
115 9 5
9 110 5
110 8 5
8 118 5
118 12 5
12 16 5
16 109 5
109 7 5
7 115 5
115 11 5
11 113 5
113 6 5
6 18 5
18 21 5
21 13 5
13 39 5
39 30 5
30 43 5
43 34 5
34 44 5
44 111 5
111 43 5
43 14 5
41 14 6
14 12 6
14 12 5
12 118 6
118 13 6
13 119 6
119 9 6
9 115 6
115 44 6
44 30 6
12 41 5
41 29 5
29 42 5
42 128 5
128 43 5
43 152 5
152 48 5
48 32 5
32 52 5
52 160 5
160 51 5
51 144 5
144 33 5
33 124 5
124 41 5
30 21 6
21 39 6
39 13 6
13 16 6
16 118 6
118 15 6
15 117 6
117 7 6
7 115 6
115 16 6
16 116 6
116 2 6
2 115 6
115 4 6
4 110 6
110 43 6
43 23 6
23 35 6
35 21 6
21 44 6
44 24 6
24 38 6
38 27 6
27 34 6
34 31 6
41 10 5
10 115 5
115 8 5
8 106 5
106 42 5
42 32 5
32 51 5
51 133 5
133 43 5
43 13 5
13 15 5
15 114 5
114 11 5
11 118 5
118 13 5
13 107 5
107 42 5
42 14 5
14 121 5
121 18 5
18 113 5
113 9 5
9 116 5
116 19 5
19 110 5
110 4 5
4 117 5
117 15 5
15 17 5
17 122 5
122 27 5
27 121 5
121 20 5
20 119 5
119 21 5
21 122 5
122 6 5
6 105 5
105 11 5
11 116 5
116 6 5
6 119 5
119 13 5
13 27 5
27 135 5
135 52 5
52 161 5
161 60 5
60 157 5
157 46 5
46 133 5
133 44 5
44 38 5
38 13 5
13 106 5
106 3 5
3 108 5
108 7 5
7 117 5
117 12 5
25 24 3
24 27 3
27 38 3
38 33 3
33 23 3
25 20 4
20 26 4
26 36 4
23 32 3
32 24 3
24 28 3
36 20 4
20 39 4
39 31 4
28 22 3
22 34 3
34 27 3
27 25 3
31 23 4
23 38 4
38 40 4
40 25 4
37 203 1
203 135 1
135 102 1
102 124 1
124 103 1
103 131 1
131 101 1
101 134 1
134 207 1
207 141 1
141 107 1
107 49 1
49 60 1
60 43 1
43 54 1
54 112 1
112 72 1
72 108 1
108 23 1
23 19 1
19 109 1
109 46 1
46 63 1
63 105 1
105 47 1
47 43 1
194 11 7
11 170 7
170 6 7
6 250 7
250 1 7
1 142 7
43 55 1
55 105 1
105 21 1
21 22 1
22 199 1
199 140 1
140 186 1
186 124 1
124 91 1
91 47 1
47 84 1
84 233 1
233 155 1
155 212 1
212 27 1
27 196 1
196 135 1
135 163 1
163 238 1
238 182 1
182 245 1
245 163 1
163 147 1
147 167 1
167 113 1
113 164 1
164 241 1
241 155 1
155 238 1
238 153 1
153 223 1
223 165 1
165 250 1
250 162 1
162 118 1
118 175 1
175 115 1
115 177 1
177 218 1
218 38 1
38 90 1
90 43 1
6 1 2
1 18 2
18 20 2
20 254 2
254 13 2
13 5 2
5 11 2
11 141 2
141 9 2
9 142 2
142 10 2
12 17 5
17 114 5
114 3 5
3 109 5
109 9 5
10 126 2
126 2 2
2 15 2
15 17 2
17 253 2
253 22 2
22 245 2
245 10 2
9 23 5
23 114 5
114 4 5
4 105 5
105 9 5
10 6 2
9 106 5
106 12 5
12 27 5
27 134 5
134 20 5
20 11 5
11 110 5
110 15 5
15 20 5
20 117 5
117 1 5
1 111 5
111 3 5
3 101 5
101 37 5
37 30 5
30 44 5
44 39 5
39 33 5
33 38 5
43 49 1
49 90 1
90 74 1
74 103 1
103 123 1
123 168 1
168 239 1
239 152 1
152 158 1
158 212 1
212 167 1
167 238 1
238 221 1
221 222 1
222 34 1
34 205 1
205 137 1
137 213 1
213 161 1
161 245 1
245 166 1
166 121 1
121 172 1
172 241 1
241 193 1
193 129 1
129 198 1
198 215 1
215 143 1
143 123 1
123 186 1
186 241 1
241 178 1
178 219 1
219 141 1
141 110 1
110 18 1
18 103 1
103 15 1
15 27 1
27 19 1
19 21 1
21 194 1
194 231 1
231 158 1
158 225 1
225 170 1
170 117 1
117 174 1
174 245 1
245 172 1
172 221 1
221 156 1
156 242 1
242 157 1
157 179 1
179 117 1
117 98 1
98 43 1
142 244 7
244 12 7
12 191 7
191 39 7
39 227 7
227 46 7
25 18 4
18 44 4
44 29 4
29 24 4
24 26 4
26 18 4
18 46 4
46 38 4
38 32 4
32 35 4
35 48 4
48 22 4
22 41 4
41 17 4
38 31 5
17 36 4
36 21 4
21 46 4
46 32 4
32 29 4
31 45 5
45 34 5
34 36 5
29 20 4
20 33 4
33 24 4
24 44 4
44 20 4
20 54 4
54 34 4
34 45 4
45 30 4
30 33 4
33 45 4
45 138 4
138 58 4
58 148 4
148 78 4
78 146 4
146 72 4
72 145 4
145 73 4
73 38 4
38 76 4
76 146 4
146 74 4
74 37 4
37 44 4
44 41 4
43 44 1
44 97 1
97 48 1
48 43 1
41 32 4
32 15 4
15 42 4
42 21 4
21 39 4
39 100 4
100 197 4
197 99 4
99 193 4
193 102 4
102 194 4
194 101 4
101 41 4
31 15 6
15 10 6
10 115 6
115 8 6
8 118 6
118 5 6
5 112 6
112 16 6
41 24 4
24 38 4
38 20 4
20 43 4
43 13 4
16 38 6
38 13 6
13 43 6
13 43 4
43 27 6
27 33 6
43 27 4
33 20 6
20 43 6
43 26 6
26 37 6
37 23 6
23 27 6
27 54 4
54 32 4
32 25 4
27 13 6
13 44 6
44 27 6
27 15 6
15 109 6
109 43 6
43 18 6
18 44 6
44 29 6
29 33 6
33 8 6
8 108 6
108 40 6
40 24 6
46 197 7
197 12 7
24 117 6
117 12 6
12 114 6
114 15 6
12 170 7
170 10 7
10 245 7
245 11 7
11 182 7
182 28 7
28 215 7
15 45 6
45 35 6
35 27 6
27 16 6
16 109 6
109 40 6
40 21 6
21 123 6
123 29 6
215 81 7
81 245 7
245 95 7
95 222 7
222 34 7
34 188 7
188 36 7
29 3 6
3 106 6
106 40 6
40 25 6
25 42 6
42 12 6
12 22 6
22 21 6
21 43 6
43 14 6
14 120 6
120 22 6
22 41 6
41 18 6
18 118 6
118 14 6
14 127 6
127 43 6
43 19 6
19 116 6
116 7 6
7 117 6
117 3 6
3 116 6
116 11 6
11 117 6
117 1 6
1 116 6
116 4 6
4 114 6
114 11 6
11 124 6
124 38 6
38 23 6
23 36 6
36 26 6
26 38 6
36 235 7
235 10 7
10 165 7
165 7 7
7 164 7
164 5 7
5 251 7
251 105 7
105 252 7
252 63 7
63 238 7
238 255 7
38 20 6
20 122 6
122 16 6
16 113 6
113 11 6
6 2 2
255 159 7
11 109 6
2 17 2
17 166 2
109 42 6
166 11 2
11 3 2
159 6 7
6 242 7
42 21 6
242 3 7
3 231 7
231 25 7
25 211 7
211 74 7
74 243 7
243 34 7
34 239 7
239 71 7
71 238 7
238 67 7
67 241 7
241 76 7
76 250 7
250 55 7
55 238 7
238 69 7
43 47 1
47 101 1
101 41 1
41 60 1
60 89 1
89 57 1
57 110 1
110 70 1
70 43 1
21 34 6
34 19 6
19 109 6
109 39 6
39 26 6
26 124 6
124 41 6
41 7 6
7 108 6
108 41 6
41 16 6
16 13 6
13 113 6
113 7 6
7 109 6
109 9 6
9 111 6
111 40 6
40 22 6
22 123 6
123 31 6
25 17 4
17 37 4
37 28 4
28 7 4
7 42 4
42 25 4
69 209 7
209 18 7
18 205 7
205 14 7
14 204 7
204 21 7
21 180 7
180 20 7
20 223 7
223 98 7
98 222 7
222 33 7
33 213 7
213 20 7
20 218 7
218 255 7
255 126 7
126 2 7
2 235 7
235 5 7
5 244 7
244 77 7
77 212 7
212 17 7
17 239 7
239 75 7
75 244 7
244 35 7
35 236 7
236 3 7
3 157 7
157 4 7
4 166 7
166 5 7
5 161 7
161 6 7
6 167 7
167 7 7
7 170 7
170 9 7
9 171 7
171 11 7
11 166 7
166 9 7
9 167 7
167 10 7
10 172 7
172 12 7
12 169 7
169 7 7
7 149 7
36 8 5
8 108 5
108 4 5
4 103 5
103 38 5
38 28 5
28 41 5
41 23 5
23 124 5
124 11 5
11 15 5
15 12 5
12 19 5
19 21 5
21 123 5
123 22 5
22 120 5
120 14 5
14 16 5
16 7 5
7 109 5
109 11 5
11 33 5
33 44 5
44 34 5
34 39 5
39 13 5
13 120 5
120 11 5
11 114 5
114 15 5
15 107 5
107 3 5
3 106 5
106 229 5
229 103 5
103 37 5
37 26 5
26 123 5
123 29 5
29 44 5
44 37 5
37 13 5
13 112 5
112 20 5
20 10 5
10 21 5
21 126 5
126 10 5
10 113 5
113 1 5
1 117 5
117 7 5
7 107 5
107 0 5
0 114 5
114 2 5
2 109 5
109 16 5
16 115 5
115 10 5
10 22 5
22 116 5
116 8 5
8 121 5
121 16 5
16 122 5
122 20 5
20 120 5
120 26 5
26 124 5
124 38 5
38 9 5
9 109 5
109 1 5
1 116 5
116 11 5
11 44 5
44 31 5
31 40 5
40 12 5
31 13 6
13 39 6
39 7 6
7 114 6
114 13 6
13 17 6
17 120 6
120 20 6
20 118 6
118 7 6
7 107 6
107 40 6
40 12 6
12 109 6
109 7 6
7 112 6
112 41 6
41 12 6
12 121 6
121 18 6
18 120 6
120 26 6
26 36 6
36 8 6
8 113 6
113 245 6
245 112 6
112 21 6
21 33 6
33 11 6
11 114 6
114 6 6
6 117 6
117 5 6
5 110 6
110 40 6
40 26 6
26 6 6
6 116 6
116 8 6
8 106 6
106 38 6
38 25 6
25 23 6
23 13 6
25 12 4
12 42 4
42 34 4
34 26 4
26 19 4
19 46 4
46 30 4
30 17 4
17 34 4
34 25 4
13 28 6
28 21 6
21 26 6
25 14 4
14 37 4
37 21 4
21 38 4
38 25 4
26 13 6
13 34 6
34 25 6
25 38 6
38 9 6
9 114 6
114 3 6
3 105 6
105 38 6
38 22 6
22 43 6
43 13 6
149 251 7
251 116 7
116 230 7
230 9 7
9 172 7
172 11 7
11 236 7
236 20 7
20 209 7
209 17 7
17 178 7
178 21 7
21 218 7
218 87 7
87 245 7
245 5 7
5 163 7
163 9 7
9 162 7
162 2 7
2 246 7
246 1 7
3 1 2
1 12 2
12 7 2
1 125 7
7 13 2
13 2 2
2 7 2
7 1 2
125 236 7
1 10 2
10 3 2
236 14 7
14 170 7
170 13 7
13 193 7
193 14 7
14 177 7
177 20 7
20 179 7
179 19 7
19 206 7
206 61 7
61 202 7
202 58 7
58 201 7
201 57 7
57 250 7
250 98 7
98 1 7
1 100 7
100 222 7
222 22 7
22 247 7
247 49 7
49 230 7
230 35 7
35 221 7
221 21 7
21 209 7
209 70 7
70 205 7
205 58 7
58 235 7
235 68 7
68 250 7
250 117 7
117 5 7
5 242 7
242 78 7
78 241 7
241 11 7
11 175 7
175 19 7
19 221 7
221 27 7
27 212 7
212 76 7
76 245 7
245 94 7
94 221 7
221 97 7
97 247 7
247 91 7
91 246 7
246 98 7
98 247 7
247 42 7
42 196 7
196 19 7
19 180 7
180 25 7
25 182 7
182 26 7
26 233 7
233 1 7
1 122 7
122 255 7
255 219 7
219 31 7
31 220 7
220 37 7
37 235 7
235 30 7
30 218 7
218 38 7
38 188 7
188 15 7
15 187 7
187 17 7
17 206 7
206 67 7
67 250 7
250 158 7
158 3 7
3 185 7
185 10 7
10 177 7
177 9 7
9 164 7
164 6 7
6 251 7
251 2 7
2 157 7
157 254 7
254 158 7
158 7 7
7 162 7
162 254 7
254 156 7
156 2 7
2 143 7
143 5 7
5 159 7
159 1 7
1 215 7
43 46 1
215 30 7
46 76 1
76 38 1
38 109 1
109 23 1
23 20 1
20 25 1
25 17 1
25 16 4
16 45 4
45 32 4
32 24 4
24 27 4
27 22 4
22 43 4
43 15 4
15 45 4
45 24 4
17 26 1
24 28 4
26 15 1
15 188 1
188 124 1
124 89 1
89 123 1
123 98 1
98 129 1
129 106 1
106 55 1
55 97 1
97 43 1
28 20 4
20 38 4
38 22 4
22 37 4
37 41 4
41 22 4
22 34 4
34 55 4
55 27 4
27 20 4
20 45 4
45 19 4
19 49 4
49 31 4
31 14 4
14 43 4
43 20 4
20 48 4
48 23 4
23 128 4
128 25 4
13 26 6
26 23 6
23 38 6
38 15 6
25 15 4
15 25 6
15 25 4
25 116 6
116 1 6
1 117 6
117 2 6
2 109 6
109 11 6
11 116 6
116 45 6
45 32 6
30 211 7
32 10 6
10 119 6
119 20 6
20 45 6
45 30 6
30 13 6
13 23 6
23 6 6
6 108 6
108 4 6
4 107 6
107 42 6
42 25 6
25 15 6
25 13 4
13 26 4
26 21 4
21 36 4
36 26 4
26 17 4
17 38 4
38 23 4
23 56 4
56 32 4
32 16 4
16 44 4
44 33 4
33 46 4
46 29 4
15 37 6
37 26 6
26 1 6
1 115 6
115 10 6
10 116 6
116 5 6
5 107 6
107 3 6
3 118 6
118 244 6
244 110 6
110 42 6
42 11 6
11 15 6
15 9 6
9 112 6
112 8 6
8 110 6
110 18 6
18 46 6
46 37 6
37 22 6
22 34 6
34 20 6
20 112 6
112 15 6
29 15 4
15 38 4
38 24 4
24 30 4
15 29 6
29 21 6
21 23 6
23 28 6
30 24 4
28 4 6
4 113 6
113 5 6
5 114 6
114 18 6
18 123 6
123 26 6
26 20 6
24 31 4
20 38 6
38 24 6
24 45 6
45 34 6
34 10 6
10 121 6
121 17 6
17 124 6
124 9 6
9 107 6
107 39 6
39 11 6
11 66 6
66 164 6
164 68 6
68 166 6
166 67 6
67 165 6
165 69 6
69 166 6
166 70 6
70 171 6
171 69 6
69 167 6
167 72 6
72 170 6
170 69 6
69 32 6
32 12 6
12 14 6
14 43 6
43 24 6
24 28 6
31 15 4
15 37 4
37 24 4
28 6 6
6 107 6
107 14 6
14 112 6
112 13 6
211 27 7
13 27 6
27 6 6
6 112 6
112 44 6
44 23 6
23 9 6
9 54 6
54 133 6
133 51 6
51 35 6
35 23 6
27 217 7
217 87 7
87 246 7
246 38 7
38 227 7
227 34 7
34 189 7
189 12 7
12 181 7
181 23 7
23 220 7
220 36 7
36 234 7
234 29 7
29 231 7
231 26 7
26 228 7
228 111 7
111 230 7
230 29 7
29 186 7
186 34 7
34 190 7
190 39 7
39 246 7
246 7 7
7 141 7
141 5 7
5 153 7
153 253 7
253 155 7
155 3 7
3 143 7
25 112 3
112 183 3
183 96 3
96 178 3
178 100 3
100 189 3
189 102 3
102 194 3
194 101 3
101 184 3
184 104 3
104 179 3
179 97 3
97 181 3
181 98 3
98 183 3
183 106 3
106 184 3
184 111 3
111 185 3
185 97 3
97 175 3
175 92 3
92 181 3
181 91 3
91 165 3
165 69 3
69 167 3
167 87 3
87 157 3
157 60 3
60 161 3
161 84 3
84 170 3
170 82 3
82 167 3
167 81 3
81 171 3
171 85 3
85 161 3
161 91 3
91 166 3
166 68 3
68 33 3
33 26 3
26 25 3
25 48 3
48 28 3
28 26 3
26 80 3
80 162 3
162 59 3
59 24 3
24 34 3
34 19 3
19 30 3
30 26 3
26 112 3
112 177 3
177 90 3
90 161 3
161 77 3
77 169 3
169 94 3
94 180 3
180 92 3
92 173 3
173 85 3
85 153 3
153 75 3
75 149 3
149 27 3
27 21 3
21 35 3
35 13 3
13 39 3
39 26 3
23 32 6
32 22 6
22 39 6
39 16 6
16 12 6
12 113 6
113 9 6
9 106 6
106 3 6
3 103 6
103 38 6
38 14 6
14 119 6
119 7 6
7 110 6
110 6 6
6 109 6
109 5 6
5 46 6
46 40 6
40 17 6
17 46 6
46 33 6
33 26 6
26 7 6
26 24 3
24 30 3
30 22 3
22 32 3
32 23 3
7 40 6
40 14 6
14 39 6
39 5 6
5 105 6
105 41 6
23 80 3
80 167 3
167 94 3
94 164 3
164 68 3
68 154 3
154 78 3
78 157 3
157 46 3
46 25 3
41 5 6
5 108 6
108 8 6
8 105 6
105 40 6
40 19 6
19 34 6
34 23 6
25 112 3
112 182 3
182 106 3
106 171 3
171 82 3
82 156 3
156 63 3
63 25 3
23 19 6
19 45 6
45 25 6
25 22 6
22 48 6
48 37 6
37 24 6
24 29 6
29 20 6
20 114 6
114 10 6
10 110 6
110 4 6
4 105 6
105 42 6
42 17 6
17 38 6
25 80 3
80 156 3
156 88 3
88 173 3
173 95 3
95 180 3
180 93 3
93 172 3
172 104 3
104 167 3
167 98 3
98 173 3
173 79 3
79 157 3
157 50 3
50 22 3
38 19 6
22 33 3
33 37 3
37 26 3
19 129 6
129 41 6
41 9 6
9 55 6
55 39 6
39 12 6
12 58 6
58 157 6
157 46 6
46 35 6
35 20 6
20 14 6
14 82 6
82 174 6
174 77 6
77 179 6
179 81 6
81 181 6
181 83 6
83 173 6
173 76 6
76 36 6
36 25 6
25 34 6
34 16 6
16 41 6
26 80 3
80 163 3
163 60 3
60 25 3
25 80 3
80 161 3
161 83 3
83 154 3
154 82 3
82 157 3
157 72 3
72 148 3
148 65 3
65 158 3
158 70 3
70 25 3
25 24 3
24 26 3
26 24 3
24 24 3
24 112 3
112 196 3
196 113 3
113 188 3
188 97 3
97 176 3
176 109 3
109 201 3
201 122 3
122 222 3
222 123 3
123 197 3
197 117 3
117 192 3
192 98 3
98 164 3
164 66 3
66 25 3
25 112 3
112 181 3
181 93 3
93 185 3
185 114 3
114 206 3
206 116 3
116 187 3
187 111 3
111 182 3
182 102 3
102 193 3
193 111 3
111 188 3
188 116 3
116 191 3
191 118 3
118 211 3
211 117 3
117 195 3
195 110 3
110 191 3
191 105 3
105 187 3
187 114 3
114 182 3
182 93 3
93 158 3
158 50 3
50 26 3
26 24 3
24 80 3
80 155 3
155 72 3
72 170 3
170 80 3
80 154 3
154 61 3
61 30 3
30 21 3
21 34 3
34 16 3
16 38 3
38 17 3
17 40 3
40 25 3
25 80 3
80 153 3
153 67 3
67 165 3
165 88 3
88 171 3
171 79 3
79 160 3
160 52 3
52 24 3
24 24 3
24 112 3
112 194 3
194 113 3
113 187 3
187 101 3
101 178 3
178 89 3
89 180 3
180 91 3
91 157 3
157 63 3
63 30 3
30 27 3
27 23 3
23 80 3
80 151 3
151 40 3
40 26 3
26 24 3
24 80 3
80 150 3
150 73 3
73 164 3
164 62 3
62 149 3
149 26 3
26 112 3
112 186 3
186 109 3
109 175 3
175 98 3
98 182 3
182 99 3
99 164 3
164 60 3
60 26 3
26 112 3
112 187 3
187 98 3
98 185 3
185 100 3
100 167 3
167 88 3
88 169 3
169 86 3
86 168 3
168 80 3
41 112 6
112 246 6
246 111 6
111 43 6
43 10 6
10 107 6
107 241 6
241 115 6
115 254 6
254 118 6
118 1 6
1 114 6
114 17 6
17 27 6
27 7 6
7 106 6
106 42 6
42 6 6
6 119 6
119 18 6
18 127 6
127 44 6
44 19 6
19 119 6
119 12 6
12 107 6
107 220 6
220 108 6
108 39 6
39 9 6
9 108 6
108 43 6
43 12 6
12 45 6
45 22 6
22 25 6
25 125 6
125 36 6
36 12 6
12 31 6
143 4 7
4 110 7
31 5 6
5 111 6
111 11 6
11 105 6
105 221 6
221 108 6
108 3 6
3 112 6
112 242 6
242 107 6
107 221 6
221 103 6
103 37 6
37 25 6
25 60 6
60 157 6
157 50 6
50 159 6
159 49 6
49 132 6
132 47 6
47 39 6
39 18 6
18 38 6
38 16 6
16 34 6
34 21 6
21 28 6
28 23 6
110 249 7
249 54 7
54 247 7
247 7 7
7 147 7
147 242 7
242 12 7
12 173 7
173 13 7
13 174 7
174 17 7
17 211 7
211 18 7
18 175 7
175 13 7
13 191 7
191 41 7
23 80 6
80 37 6
41 226 7
226 21 7
37 18 6
18 49 6
49 143 6
143 29 6
21 219 7
219 23 7
23 182 7
182 14 7
29 16 6
16 33 6
14 173 7
173 10 7
10 161 7
33 5 6
5 106 6
106 213 6
213 103 6
103 40 6
40 16 6
16 25 6
25 117 6
117 0 6
0 114 6
114 2 6
2 113 6
113 20 6
20 111 6
111 3 6
3 109 6
109 236 6
236 105 6
105 235 6
235 107 6
107 217 6
217 106 6
106 41 6
161 7 7
7 148 7
148 250 7
250 101 7
101 223 7
223 22 7
22 226 7
226 43 7
43 244 7
244 87 7
87 243 7
243 85 7
85 212 7
212 86 7
86 244 7
244 78 7
41 112 6
112 230 6
230 107 6
107 8 6
8 109 6
109 230 6
230 110 6
110 13 6
78 213 7
213 18 7
18 180 7
180 10 7
10 166 7
13 80 6
80 175 6
175 74 6
74 172 6
172 71 6
71 168 6
168 70 6
70 141 6
141 27 6
27 18 6
18 111 6
111 4 6
4 106 6
106 220 6
220 109 6
109 10 6
10 112 6
112 12 6
12 50 6
50 158 6
158 48 6
48 132 6
132 52 6
52 154 6
154 42 6
42 112 6
112 17 6
17 40 6
40 13 6
80 33 3
33 21 3
21 28 3
28 17 3
17 37 3
37 27 3
27 22 3
22 22 3
22 31 3
31 35 3
35 19 3
19 34 3
34 21 3
21 31 3
31 26 3
26 80 3
13 80 6
80 180 6
180 81 6
81 173 6
173 77 6
77 35 6
35 19 6
19 121 6
121 21 6
21 35 6
35 25 6
25 61 6
61 160 6
160 51 6
51 32 6
32 35 6
35 22 6
22 27 6
27 80 6
80 33 6
33 18 6
18 117 6
117 4 6
4 103 6
103 42 6
80 27 3
27 20 3
20 34 3
34 18 3
18 39 3
39 20 3
20 31 3
31 37 3
37 28 3
28 20 3
20 38 3
38 26 3
26 24 3
24 24 3
24 80 3
80 80 3
80 80 3
80 27 3
27 112 3
112 179 3
179 91 3
91 167 3
167 77 3
77 162 3
162 57 3
57 31 3
31 38 3
38 27 3
27 48 3
48 22 3
42 5 6
22 28 3
28 18 3
18 41 3
41 43 3
43 21 3
5 59 6
59 136 6
136 58 6
58 32 6
32 23 6
21 27 3
23 18 6
18 41 6
27 20 3
20 30 3
30 18 3
18 33 3
33 15 3
15 34 3
34 36 3
36 12 3
12 37 3
37 11 3
11 36 3
36 21 3
21 113 3
113 191 3
191 106 3
106 196 3
196 111 3
111 186 3
186 94 3
94 177 3
177 87 3
87 166 3
166 66 3
66 148 3
148 35 3
35 22 3
22 27 3
27 80 3
80 27 3
27 20 3
20 29 3
29 34 3
34 17 3
17 36 3
36 14 3
14 39 3
39 31 3
31 16 3
16 34 3
34 12 3
12 35 3
35 3 3
3 34 3
34 2 3
2 126 3
126 200 3
200 115 3
115 197 3
197 110 3
110 188 3
188 114 3
114 195 3
195 123 3
123 220 3
220 109 3
109 185 3
185 107 3
107 170 3
170 89 3
89 171 3
171 83 3
83 172 3
172 98 3
98 177 3
177 85 3
85 170 3
170 83 3
83 157 3
157 81 3
81 163 3
163 79 3
79 172 3
172 75 3
75 162 3
162 58 3
58 148 3
148 50 3
50 157 3
157 69 3
69 166 3
166 65 3
65 151 3
151 41 3
41 18 3
18 38 3
38 15 3
15 141 3
141 27 3
27 20 3
20 33 3
33 5 3
5 36 3
36 7 3
7 37 3
37 21 3
21 21 3
21 113 3
113 183 3
183 94 3
94 159 3
159 49 3
49 143 3
143 29 3
29 18 3
18 44 3
44 40 3
40 38 3
38 16 3
16 131 3
131 19 3
19 33 3
33 27 3
27 48 3
48 26 3
26 112 3
41 240 6
240 109 6
109 220 6
220 103 6
103 209 6
209 101 6
101 37 6
37 12 6
12 29 6
29 15 6
15 112 6
112 22 6
22 36 6
36 23 6
23 112 6
112 1 6
1 106 6
106 10 6
10 48 6
48 35 6
35 24 6
24 9 6
9 44 6
44 18 6
18 39 6
39 16 6
16 26 6
26 11 6
11 36 6
36 14 6
14 33 6
33 4 6
4 112 6
112 11 6
11 34 6
34 22 6
22 40 6
40 112 6
112 0 6
0 116 6
116 22 6
22 112 6
112 112 6
112 112 6
112 80 6
80 182 6
182 87 6
87 185 6
185 91 6
91 37 6
37 21 6
21 25 6
25 37 6
37 17 6
17 116 6
116 14 6
14 34 6
34 15 6
15 112 6
112 2 6
2 126 6
126 41 6
41 112 6
112 112 6
112 112 6
112 48 6
48 26 6
26 4 6
4 47 6
47 37 6
37 6 6
6 105 6
105 212 6
212 102 6
102 39 6
39 48 6
48 36 6
36 112 6
112 112 6
112 16 6
16 112 6
112 48 6
48 27 6
27 112 6
112 112 6
112 112 6
112 112 6
112 112 6
112 16 6
16 112 6
112 48 6
48 127 6
127 39 6
39 112 6
112 112 6
112 48 6
48 22 6
22 28 6
28 33 6
33 112 6
112 48 6
48 129 6
129 45 6
45 27 6
27 112 6
112 112 6
112 112 6
112 48 6
48 21 6
21 112 6
112 240 6
240 108 6
108 229 6
229 109 6
109 16 6
166 12 7
12 167 7
167 4 7
4 111 7
111 253 7
253 150 7
150 3 7
3 124 7
124 237 7
237 36 7
16 112 6
36 223 7
223 95 7
112 48 6
48 28 6
28 13 6
13 144 6
144 32 6
112 180 3
180 90 3
90 163 3
163 82 3
82 153 3
153 79 3
79 170 3
170 77 3
77 166 3
166 86 3
86 154 3
154 52 3
52 26 3
26 23 3
23 112 3
32 24 6
24 112 6
112 112 6
112 16 6
16 112 6
112 112 6
112 112 6
112 112 6
112 48 6
48 19 6
19 33 6
33 112 6
112 112 6
112 112 6
112 112 6
112 112 6
112 16 6
16 112 6
112 80 6
80 27 6
27 112 6
112 112 6
112 112 6
112 112 6
112 112 6
112 80 6
80 26 6
26 112 6
112 26 3
26 15 3
15 29 3
29 28 3
28 21 3
21 21 3
21 21 3
21 21 3
21 21 3
21 113 3
113 178 3
178 91 3
91 185 3
185 101 3
101 179 3
179 89 3
89 165 3
165 78 3
78 164 3
164 63 3
63 165 3
165 65 3
65 25 3
112 5 6
5 33 6
25 80 3
80 49 3
49 28 3
28 13 3
13 144 3
144 32 3
32 37 3
37 17 3
17 30 3
30 19 3
19 32 3
32 18 3
18 37 3
37 12 3
12 38 3
38 13 3
13 33 3
33 14 3
14 36 3
36 11 3
11 34 3
34 14 3
33 14 6
14 33 3
33 19 3
19 39 3
39 18 3
18 28 3
28 16 3
16 39 3
39 24 3
14 11 6
11 21 6
21 12 6
12 19 6
19 39 6
24 80 3
80 112 3
112 26 3
26 112 3
112 112 3
112 26 3
26 112 3
112 112 3
112 82 3
82 160 3
160 61 3
61 29 3
29 25 3
25 112 3
112 112 3
112 82 3
39 114 6
114 252 6
252 115 6
115 6 6
6 84 6
84 183 6
183 87 6
87 181 6
181 82 6
82 183 6
183 86 6
86 186 6
186 89 6
89 36 6
36 11 6
11 33 6
33 114 6
114 44 6
44 22 6
22 26 6
26 10 6
10 113 6
113 250 6
250 114 6
114 82 6
82 35 6
35 9 6
9 22 6
22 12 6
12 34 6
34 14 6
14 17 6
17 37 6
37 11 6
11 114 6
114 114 6
114 114 6
114 114 6
114 114 6
114 114 6
114 114 6
114 114 6
114 114 6
114 114 6
114 114 6
114 114 6
114 114 6
114 114 6
114 114 6
114 114 6
114 114 6
114 114 6
0 16 0
16 244 0
244 5 0
5 0 0
114 114 6
114 144 6
144 29 6
29 22 6
22 4 6
4 80 6
80 36 6
36 21 6
21 14 6
14 26 6
26 2 6
2 108 6
108 42 6
42 82 6
82 180 6
180 87 6
87 179 6
179 83 6
83 172 6
172 76 6
76 178 6
178 79 6
79 177 6
177 85 6
85 185 6
185 86 6
86 177 6
177 76 6
76 35 6
35 26 6
26 114 6
114 114 6
114 82 6
82 175 6
175 73 6
73 170 6
170 72 6
72 173 6
173 80 6
80 24 6
24 114 6
114 82 6
82 34 6
34 11 6
82 34 3
34 11 3
11 37 3
37 13 3
13 34 3
34 15 3
15 36 3
36 16 3
16 41 3
41 27 3
27 18 3
18 29 3
29 20 3
20 26 3
11 26 6
26 8 6
8 27 6
26 13 3
13 36 3
36 4 3
4 143 3
143 24 3
27 17 6
17 12 6
12 15 6
24 24 3
24 112 3
112 26 3
3 144 2
144 14 2
14 253 2
253 18 2
18 1 2
1 7 2
7 2 2
2 12 2
12 254 2
254 8 2
8 11 2
11 5 2
5 3 2
26 112 3
112 26 3
26 112 3
112 26 3
26 48 3
48 27 3
27 17 3
17 32 3
32 36 3
36 18 3
18 40 3
40 22 3
22 80 3
80 80 3
80 27 3
27 8 3
8 35 3
35 24 3
24 48 3
48 23 3
23 112 3
112 208 3
208 115 3
115 181 3
181 94 3
94 187 3
187 107 3
107 189 3
189 98 3
98 166 3
166 78 3
78 153 3
153 59 3
59 28 3
28 16 3
16 29 3
29 12 3
12 34 3
34 7 3
7 147 3
147 68 3
68 155 3
155 60 3
60 150 3
15 22 6
22 32 6
32 17 6
17 11 6
11 25 6
25 36 6
36 13 6
150 52 3
52 25 3
25 112 3
112 112 3
112 26 3
26 21 3
21 48 3
48 20 3
20 40 3
40 19 3
19 28 3
28 0 3
0 35 3
35 9 3
9 142 3
142 10 3
10 29 3
29 19 3
19 37 3
37 6 3
6 33 3
33 24 3
24 208 3
208 117 3
117 193 3
193 118 3
118 213 3
213 117 3
117 210 3
210 118 3
118 215 3
13 112 6
112 112 6
112 16 6
16 0 6
0 113 6
113 3 6
3 104 6
104 38 6
38 18 6
18 40 6
40 3 6
3 110 6
110 239 6
239 105 6
105 1 6
1 26 6
26 0 6
0 118 6
95 253 7
118 6 6
6 33 6
253 68 7
68 238 7
238 34 7
34 235 7
235 33 7
33 188 7
188 35 7
35 241 7
241 3 7
3 146 7
146 4 7
4 243 7
243 3 7
3 161 7
161 9 7
9 182 7
182 11 7
11 173 7
173 9 7
33 112 6
9 165 7
165 5 7
5 147 7
147 7 7
112 112 6
7 241 7
241 77 7
77 214 7
214 79 7
79 242 7
242 23 7
23 179 7
179 22 7
22 107 7
107 221 7
221 103 7
103 220 7
220 106 7
106 228 7
228 107 7
107 220 7
220 91 7
91 244 7
244 46 7
0 48 0
48 25 0
25 32 0
32 29 0
29 28 0
28 27 0
27 32 0
32 111 0
111 17 0
17 174 0
174 12 0
12 242 0
242 3 0
3 7 0
7 1 0
1 116 0
116 33 0
33 117 0
117 11 0
11 13 0
13 170 0
170 173 0
173 83 0
83 45 0
45 23 0
23 246 0
246 2 0
2 143 0
143 3 0
46 227 7
227 3 7
3 106 7
106 4 7
4 138 7
138 2 7
2 126 7
112 144 6
144 50 6
50 32 6
32 21 6
21 24 6
24 30 6
30 22 6
22 112 6
126 253 7
253 154 7
154 247 7
247 3 7
3 108 7
108 229 7
229 109 7
109 26 7
26 183 7
183 28 7
28 230 7
230 110 7
110 251 7
251 14 7
14 171 7
171 9 7
112 16 6
16 144 6
144 75 6
75 172 6
172 77 6
77 34 6
34 7 6
7 26 6
26 144 6
144 33 6
33 112 6
112 48 6
48 24 6
24 112 6
112 112 6
112 48 6
48 20 6
20 40 6
40 48 6
48 31 6
31 48 6
48 23 6
23 112 6
112 112 6
112 16 6
16 112 6
112 48 6
48 25 6
25 20 6
20 33 6
33 112 6
112 112 6
112 112 6
112 112 6
112 112 6
112 112 6
112 112 6
112 16 6
16 112 6
112 112 6
112 112 6
112 16 6
16 80 6
80 25 6
25 4 6
4 102 6
102 36 6
36 5 6
5 82 6
82 176 6
176 84 6
84 35 6
35 14 6
14 72 6
72 141 6
141 44 6
44 28 6
28 8 6
8 119 6
119 11 6
11 112 6
112 48 6
48 15 6
15 80 6
80 174 6
174 75 6
75 181 6
181 80 6
80 22 6
22 112 6
112 112 6
112 112 6
112 112 6
112 144 6
144 54 6
54 161 6
161 64 6
64 35 6
215 129 3
129 19 3
19 29 3
29 17 3
17 28 3
28 9 3
9 32 3
32 27 3
27 19 3
19 31 3
31 28 3
28 15 3
15 49 3
49 26 3
26 22 3
35 11 6
22 112 3
112 26 3
26 21 3
21 32 3
32 22 3
22 48 3
48 24 3
24 25 3
25 112 3
112 82 3
11 82 6
82 39 6
39 114 6
114 114 6
114 50 6
50 37 6
37 13 6
13 18 6
18 27 6
27 8 6
8 17 6
17 14 6
14 31 6
31 24 6
24 21 6
21 27 6
27 114 6
114 82 6
82 185 6
185 84 6
84 182 6
182 83 6
83 33 6
33 82 6
82 160 6
160 61 6
61 29 6
29 2 6
2 107 6
107 1 6
1 59 6
59 35 6
35 82 6
82 148 6
148 37 6
37 10 6
10 103 6
103 220 6
220 107 6
107 82 6
82 173 6
173 83 6
83 170 6
170 74 6
74 143 6
143 49 6
49 36 6
36 18 6
18 25 6
25 82 6
82 25 3
82 25 6
25 112 3
112 26 3
26 112 3
112 26 3
26 112 3
112 26 3
26 48 3
48 25 3
25 24 3
25 21 6
24 80 3
80 25 3
25 24 3
24 24 3
24 80 3
80 80 3
80 80 3
80 25 3
25 80 3
80 25 3
25 80 3
80 49 3
49 24 3
24 80 3
80 25 3
25 80 3
80 25 3
25 80 3
80 112 3
3 80 0
80 25 0
25 59 0
59 121 0
121 7 0
7 5 0
5 41 0
41 123 0
123 31 0
31 28 0
28 33 0
33 112 0
112 34 0
34 33 0
33 188 0
188 35 0
35 26 0
26 107 0
107 169 0
169 87 0
87 41 0
41 9 0
9 163 0
163 5 0
5 114 0
114 14 0
14 251 0
251 1 0
1 111 0
111 228 0
228 226 0
226 30 0
30 98 0
98 247 0
247 3 0
9 163 7
163 5 7
5 151 7
151 252 7
252 114 7
114 37 7
37 241 7
241 2 7
2 107 7
107 226 7
226 30 7
30 186 7
186 11 7
11 164 7
164 7 7
7 169 7
169 12 7
12 171 7
171 10 7
10 167 7
167 5 7
5 236 7
236 255 7
255 237 7
237 1 7
1 139 7
139 246 7
246 44 7
44 194 7
112 26 3
26 21 3
21 21 3
21 21 3
21 21 3
21 112 3
112 26 3
26 21 3
21 80 3
80 25 3
25 24 3
24 80 3
80 80 3
80 25 3
25 80 3
80 112 3
112 26 3
26 48 3
48 19 3
19 80 3
80 49 3
49 22 3
22 80 3
80 49 3
49 29 3
29 2 3
2 143 3
143 49 3
49 23 3
23 23 3
23 80 3
80 112 3
112 26 3
26 48 3
48 48 3
48 48 3
48 80 3
80 25 3
25 80 3
80 112 3
112 26 3
26 112 3
112 82 3
82 81 3
81 170 3
170 74 3
74 164 3
164 72 3
72 150 3
150 34 3
34 9 3
9 35 3
35 14 3
14 31 3
31 30 3
30 24 3
21 4 6
4 109 6
109 14 6
194 13 7
13 170 7
170 7 7
7 139 7
139 241 7
241 134 7
24 112 3
112 82 3
3 112 0
112 36 0
36 125 0
125 1 0
1 100 0
100 159 0
159 6 0
6 116 0
116 206 0
206 109 0
109 26 0
26 112 0
112 182 0
182 14 0
14 163 0
163 9 0
9 245 0
245 2 0
2 141 0
141 7 0
7 2 0
2 117 0
117 208 0
208 115 0
115 33 0
33 124 0
124 127 0
127 76 0
76 245 0
245 5 0
5 39 0
39 245 0
245 95 0
95 155 0
155 3 0
134 253 7
253 137 7
137 5 7
5 119 7
119 45 7
45 195 7
195 12 7
12 157 7
157 7 7
7 145 7
145 251 7
251 60 7
60 201 7
201 61 7
61 236 7
236 6 7
6 159 7
159 7 7
7 142 7
82 159 3
159 50 3
50 29 3
29 13 3
13 40 3
40 18 3
18 27 3
14 40 6
40 18 6
18 12 6
12 26 6
27 9 3
9 140 3
140 10 3
10 35 3
35 18 3
18 32 3
32 15 3
15 35 3
35 5 3
5 137 3
137 253 3
253 134 3
134 241 3
241 139 3
139 7 3
7 142 3
142 39 3
39 27 3
142 7 7
27 15 3
15 23 3
23 26 3
26 21 3
21 80 3
80 25 3
25 24 3
24 80 3
80 25 3
25 80 3
80 112 3
112 26 3
26 112 3
112 26 3
26 80 3
80 25 3
25 112 3
112 82 3
82 81 3
81 160 3
160 82 3
82 25 3
25 80 3
80 80 3
80 25 3
25 48 3
48 112 3
112 112 3
112 112 3
112 50 3
50 31 3
31 17 3
17 42 3
42 21 3
21 80 3
80 25 3
25 80 3
80 25 3
25 24 3
24 24 3
24 24 3
24 24 3
24 112 3
112 82 3
82 25 3
25 48 3
48 80 3
80 49 3
49 35 3
35 2 3
2 141 3
141 44 3
44 28 3
28 48 3
48 80 3
80 80 3
80 49 3
49 21 3
21 80 3
80 112 3
112 82 3
82 81 3
81 162 3
162 71 3
71 168 3
168 70 3
70 154 3
154 42 3
42 20 3
20 27 3
27 112 3
112 26 3
26 112 3
112 26 3
26 112 3
112 82 3
82 25 3
25 80 3
80 80 3
80 25 3
3 112 0
112 26 0
26 80 0
80 19 0
19 175 0
175 81 0
81 47 0
47 196 0
196 195 0
195 110 0
110 18 0
18 239 0
239 71 0
71 57 0
57 58 0
58 70 0
70 136 0
136 254 0
254 118 0
118 10 0
10 172 0
172 9 0
9 165 0
165 5 0
5 33 0
33 25 0
25 180 0
180 18 0
18 245 0
245 7 0
7 154 7
154 251 7
251 17 7
17 174 7
174 12 7
25 80 3
80 26 3
26 21 3
21 80 3
80 25 3
25 48 3
48 112 3
112 82 3
82 113 3
113 184 3
184 102 3
102 179 3
179 96 3
96 181 3
181 105 3
105 184 3
184 103 3
103 174 3
174 89 3
89 162 3
162 72 3
72 163 3
163 59 3
59 141 3
141 7 3
7 145 3
145 27 3
27 112 3
112 26 3
26 112 3
112 112 3
112 26 3
26 112 3
112 26 3
26 112 3
112 26 3
26 112 3
112 112 3
112 26 3
26 112 3
112 82 3
82 25 3
25 112 3
112 82 3
82 49 3
49 20 3
20 32 3
32 17 3
17 34 3
34 8 3
8 141 3
141 5 3
5 116 3
116 206 3
206 130 3
130 27 3
27 16 3
16 36 3
36 13 3
13 35 3
35 4 3
4 138 3
138 2 3
2 132 3
132 10 3
10 36 3
36 112 3
112 26 3
26 112 3
112 112 3
112 26 3
26 112 3
112 82 3
82 113 3
113 179 3
179 87 3
87 155 3
155 48 3
48 48 3
48 112 3
112 26 3
26 112 3
112 26 3
26 112 3
112 26 3
26 112 3
112 112 3
112 112 3
112 26 3
26 112 3
112 82 3
82 81 3
81 156 3
156 42 3
42 33 3
33 6 3
6 135 3
135 27 3
27 112 3
112 112 3
112 112 3
112 112 3
112 82 3
82 25 3
25 80 3
80 25 3
7 80 0
80 26 0
26 60 0
60 251 0
251 116 0
116 34 0
34 243 0
243 13 0
13 144 0
144 3 0
25 80 3
80 49 3
49 33 3
33 16 3
16 43 3
43 25 3
25 112 3
112 82 3
82 113 3
113 180 3
180 110 3
110 184 3
184 95 3
95 171 3
171 84 3
84 162 3
162 61 3
61 160 3
160 51 3
51 24 3
24 80 3
80 80 3
80 49 3
49 25 3
25 112 3
112 82 3
82 25 3
25 80 3
80 25 3
25 48 3
48 80 3
80 80 3
80 80 3
80 80 3
80 25 3
25 80 3
80 25 3
25 80 3
80 80 3
80 80 3
80 49 3
49 80 3
80 80 3
80 80 3
80 25 3
25 80 3
80 80 3
80 80 3
80 80 3
80 80 3
80 25 3
25 80 3
80 80 3
80 80 3
80 49 3
49 48 3
48 112 3
112 26 3
26 21 3
21 48 3
48 80 3
80 80 3
80 49 3
49 80 3
80 80 3
80 25 3
25 80 3
80 25 3
25 112 3
112 82 3
82 25 3
25 112 3
112 82 3
82 81 3
26 113 6
113 248 6
248 114 6
114 5 6
5 39 6
39 113 6
113 24 6
24 15 6
15 113 6
113 242 6
242 111 6
111 253 6
253 114 6
114 4 6
4 25 6
25 13 6
13 19 6
19 48 6
48 18 6
18 37 6
37 15 6
15 113 6
113 42 6
42 4 6
4 39 6
39 8 6
8 34 6
34 9 6
9 35 6
35 16 6
16 30 6
30 20 6
20 42 6
42 2 6
2 29 6
29 12 6
12 33 6
33 6 6
6 111 6
111 1 6
1 109 6
